10 0.98 2.1
36.0917855599
-0.82172701085
-0.824733164787
-0.828414227787
-0.832748591078
-0.837708928934
-0.843262686455
-0.84937156389
-0.855991278651
-0.863071177576
-0.870553816829
-0.878374777359
-0.886462294033
-0.894737075187
-0.90311206692
-0.911492449917
-0.919775583907
-0.927851191023
-0.935601598407
-0.942902120384
-0.94962172982
-0.955623752115
-0.960766828905
-0.964906083031
-0.967894545225
-0.969584748946
-0.969830591906
-0.968495434429
-0.965465464273
-0.960633563411
-0.953897739854
-0.945163286684
-0.934345310515
-0.92137116455
-0.906183493197
-0.888743261299
-0.869032582487
-0.847058294591
-0.822855377423
-0.796489134574
-0.768057877206
-0.737694867526
-0.705568361852
-0.671881204932
-0.636867567554
-0.600788776264
-0.563928532853
-0.526587841585
-0.489080006642
-0.451724239927
-0.414838603317
-0.378733149991
-0.343700941188
-0.31000945952
-0.27789293288
-0.247543861731
-0.219107161766
-0.192676616735
-0.168295240071
-0.145961670127
-0.125643670441
-0.107297528101
-0.0908709466883
-0.0762957631553
-0.0634859715068
-0.0523387523068
-0.0427370164893
-0.0345529498861
-0.0276520858237
-0.0218971380425
-0.0171517922101
-0.0132840518841
-0.0101689444314
-0.00769057722901
-0.00574357463981
-0.00423390413104
-0.00307910494278
-0.00220809172441
-0.00156061757483
-0.00108649519279
-0.000744654344419
-0.000502095359707
-0.000332795215758
-0.000216620078885
-0.000137268625139
-8.30615973895e-05
-4.6629479092e-05
-2.31993256616e-05
-9.48316872259e-06
-2.76959806334e-06
-4.43969989344e-07
-2.27857337495e-08
17.4879921601
0.370499484872
0.369994505138
0.369321623695
0.368449324244
0.367339817468
0.365948753816
0.364225127482
0.362111143562
0.359542156836
0.356446691178
0.35274645199
0.348356506226
0.343185510059
0.337136126047
0.330105482306
0.321985885471
0.312665624914
0.302030026113
0.289962744482
0.276347066114
0.261067666296
0.244012534796
0.22507516365
0.204156787484
0.181169090343
0.156036896293
0.128779954137
0.0994415893192
0.0679968472864
0.0344390416625
-0.00121707492314
-0.0389316594548
-0.0786372882288
-0.12023474912
-0.16358978241
-0.208530591093
-0.254843733901
-0.30227117626
-0.350509805653
-0.399209830965
-0.447974710513
-0.496363961329
-0.543896443649
-0.590057434481
-0.634307097047
-0.676090296645
-0.714847338451
-0.750025133553
-0.78109034437
-0.807543422842
-0.828932864435
-0.844871184598
-0.8550499417
-0.859253847298
-0.85737359138
-0.849415305206
-0.835505916483
-0.815892638919
-0.79093525305
-0.761088314876
-0.726877366208
-0.68888867067
-0.64776475487
-0.604193070453
-0.558890786231
-0.512586635089
-0.46600118152
-0.419827747816
-0.37471286068
-0.331239556214
-0.289913611522
-0.251152675474
-0.215279008325
-0.182516635942
-0.152993017695
-0.126743747708
-0.103720848683
-0.0838037921285
-0.0668124546313
-0.0525213030856
-0.0406738804939
-0.0309968437675
-0.0232128224724
-0.0169637037165
-0.0119151252368
-0.00785595824442
-0.00467680073118
-0.00235298476384
-0.00088482290642
-0.000197384918604
-1.6109339025e-05
11.598420866
0.242452177116
0.241375375212
0.240003707604
0.238310825193
0.236265560811
0.233831648269
0.23096784672
0.227628001874
0.223761238158
0.219312269635
0.214221692526
0.208426513016
0.201860721834
0.194456101434
0.186143083894
0.176851910047
0.166513855613
0.155062712619
0.142436518783
0.128579307409
0.113443265266
0.0969909773873
0.0791979287677
0.0600550227416
0.0395713570545
0.0177769130902
-0.00520898303549
-0.0292445820043
-0.0542383782171
-0.0800726498938
-0.10660070389
-0.133643889495
-0.160989524656
-0.188388142769
-0.215551573865
-0.242151918772
-0.267820306617
-0.29214676674
-0.314682664806
-0.33494322018
-0.352412120197
-0.366549197689
-0.376799619197
-0.382607288261
-0.383429874012
-0.378755672527
-0.368120976303
-0.351128944995
-0.327469255712
-0.296938043548
-0.259458736538
-0.215100595363
-0.164095771142
-0.106854222335
-0.0439722245764
0.0237640217965
0.0953829120151
0.169741574131
0.245550567503
0.321413148953
0.3958728057
0.467449363882
0.534673772786
0.596129626086
0.650498791099
0.696608767698
0.733478007686
0.760356663226
0.776760410703
0.78249382129
0.777662159732
0.762669898978
0.73820595187
0.705214024664
0.664852721927
0.618444392576
0.567417952816
0.51325012613
0.45740703516
0.401293025109
0.346207955838
0.293314097365
0.243613443473
0.197233508394
0.15375738717
0.113111635697
0.0758687056433
0.0436973958444
0.0193182097275
0.00530295236112
0.00057590674247
8.44277709731
-0.198206649121
-0.196832430006
-0.195096602525
-0.192975088231
-0.190439702502
-0.187457900691
-0.183993048076
-0.18000462032
-0.175448573195
-0.170277858701
-0.16444292441
-0.15789249115
-0.150574383361
-0.142436619712
-0.13342855648
-0.123502354672
-0.112614500766
-0.100727579214
-0.0878122756681
-0.0738493696891
-0.0588320940192
-0.0427685102118
-0.025684058987
-0.00762403280577
0.011343830365
0.0311269833564
0.0515480889217
0.0724096527451
0.0935557538944
0.114802472119
0.135936136736
0.156711716867
0.176852299883
0.196048403723
0.213958528961
0.23021086903
0.244405581165
0.256118877503
0.264909448397
0.270326212663
0.271918673949
0.269250170874
0.261914064497
0.249553279775
0.231882401725
0.208710099379
0.179961812486
0.145702551291
0.106158679763
0.061737784812
0.0130467386484
-0.0390963243877
-0.0936556800745
-0.149378020981
-0.204804737594
-0.258294226867
-0.30805792894
-0.352211990016
-0.388843580966
-0.416096628691
-0.43226547008
-0.435878103171
-0.425769893934
-0.401161773236
-0.361733528765
-0.307686011234
-0.239787428315
-0.159395615004
-0.0684532952476
0.0305475540996
0.134633227053
0.240446284292
0.344378584244
0.442721769847
0.531841021605
0.608353415425
0.669308092485
0.712361589712
0.735925085911
0.739294503247
0.722743953607
0.687567214926
0.636061957704
0.570325681267
0.491365942106
0.400117119111
0.298817248954
0.193837265249
0.0985164317228
0.0322185502843
0.00443485641543
5.94776868716
0.181031704912
0.179259664966
0.177032964477
0.174328128681
0.171118032255
0.167371671777
0.163054623445
0.158129424581
0.152556178422
0.146293346336
0.139298526506
0.131529575118
0.122945789295
0.113509392877
0.103187067251
0.0919518367422
0.0797849874471
0.0666782326892
0.052636072311
0.0376780558892
0.0218413687848
0.00518332564135
-0.0122161207905
-0.0302521309971
-0.0487927687713
-0.0676772767947
-0.0866618754666
-0.105486391273
-0.123928844478
-0.141739610674
-0.158641370378
-0.174329705852
-0.188475190759
-0.200725759344
-0.210710935772
-0.218047580519
-0.222346860659
-0.223223869335
-0.220309226927
-0.213263024789
-0.201791631324
-0.185666779374
-0.164748327839
-0.139008824995
-0.10855999734
-0.073676524421
-0.0348172656257
0.00735704249064
0.0519719075012
0.09793415022
0.143935097749
0.188466452722
0.229848997657
0.266274966856
0.295869463222
0.316767787908
0.327211341371
0.325660025997
0.310919844405
0.282280489319
0.239651947122
0.183662487024
0.115720742089
0.0380501154713
-0.0463164107087
-0.133592629678
-0.219358381903
-0.298738666603
-0.366652404682
-0.418116401517
-0.448593230285
-0.454372679376
-0.432941857831
-0.38333605998
-0.306400792148
-0.20496255937
-0.0838425183723
0.0503190446102
0.189404921405
0.324395743022
0.446117955434
0.546095500188
0.617448835636
0.656103508353
0.658555938349
0.62010441684
0.535881225913
0.405947630633
0.246036704858
0.0997209475187
0.0182321834671
3.96134161882
-0.152895779319
-0.150873131664
-0.148341904287
-0.145282068477
-0.141670908335
-0.137482860667
-0.132690149346
-0.127263347824
-0.121172202173
-0.114386666938
-0.106877932108
-0.0986198230845
-0.0895902595821
-0.0797730207837
-0.069159520218
-0.0577509057757
-0.045560145371
-0.0326142941634
-0.018956845702
-0.00464983908577
0.0102238398774
0.0255584137691
0.0412234185301
0.057062422356
0.0728920036721
0.0885015158561
0.103612443736
0.117939633458
0.131231973713
0.143219356992
0.153615245154
0.16212033456
0.16842793186
0.172230001978
0.173225288997
0.171128968645
0.165683788121
0.156673744911
0.143938857065
0.127392051625
0.107037919317
0.0829920165994
0.0555022406171
0.0249694781062
-0.00803352611776
-0.0427502236544
-0.0782364861467
-0.113365464873
-0.146844420509
-0.177244094421
-0.203041987948
-0.222682545734
-0.234652709296
-0.237572870284
-0.230302377007
-0.21205492995
-0.18251979594
-0.141980650142
-0.0914254345879
-0.0326318633057
0.0317860829326
0.0984240108701
0.163218122007
0.22164627424
0.269002749585
0.300748754395
0.312922653801
0.302586758355
0.268273564521
0.210382056036
0.131475745531
0.0364082127637
-0.0677566243611
-0.172112303692
-0.266526228437
-0.340569640161
-0.38463614816
-0.39115571729
-0.355842350429
-0.278622356475
-0.164153724768
-0.0218101805572
0.135083651853
0.29326225223
0.439732415839
0.557400031574
0.621759074556
0.601105460996
0.470724588485
0.256038432899
0.0679405121026
2.62638411557
0.121041691032
0.119004974252
0.116464208978
0.11340447563
0.109809293059
0.105660537902
0.100939175796
0.0956259337561
0.0897022394201
0.0831513723393
0.0759596085118
0.0681177207428
0.0596225204876
0.050478664418
0.0407004186947
0.0303136653794
0.0193578275811
0.00788786720572
-0.00402377671187
-0.0162856418033
-0.0287856812957
-0.041390123555
-0.0539428265145
-0.0662653527679
-0.0781575164711
-0.0893989061893
-0.0997241494329
-0.108873314384
-0.116617293645
-0.122721357375
-0.126949966511
-0.12907276722
-0.128872036154
-0.126150974405
-0.120743522358
-0.112525194264
-0.10142507948
-0.0874390419332
-0.0706428997148
-0.0512062080969
-0.029405968741
-0.0056388878021
0.019567348906
0.0455456514977
0.0714871789299
0.0964490034536
0.119374125476
0.139122989022
0.154518849017
0.164406367803
0.167722635073
0.163580505482
0.151359181139
0.130799652936
0.102096690126
0.0659811603758
0.0237817119191
-0.0225437123478
-0.0704180249878
-0.116707577248
-0.157854344549
-0.190121763855
-0.2099335044
-0.214255854007
-0.201006660274
-0.169457317089
-0.120574895857
-0.0572538158898
0.0156344509883
0.0914208541019
0.162094750894
0.21904457909
0.254065481096
0.260529756206
0.234632063092
0.176446231714
0.0906665266806
-0.0132313605316
-0.12170394965
-0.218511484858
-0.286911516919
-0.312529404499
-0.286174391815
-0.204227551802
-0.0661951863832
0.123170312418
0.345356576372
0.551935558155
0.648047985399
0.524965610549
0.219652068754
1.77483024738
-0.0972753781573
-0.0952966276121
-0.0928343764218
-0.0898781455939
-0.0864168047045
-0.0824385556865
-0.077931716529
-0.0728854597527
-0.0672908142973
-0.0611418708292
-0.0544369790528
-0.0471802698634
-0.039383195221
-0.0310662793167
-0.0222607745476
-0.0130104682082
-0.00337333244583
0.00657686945042
0.0167491709634
0.027034504675
0.0373049711939
0.0474136783653
0.0571952480461
0.0664671804845
0.0750318766379
0.0826797136232
0.08917687993
0.0943058762238
0.0978792229764
0.0997164527245
0.0996503358434
0.097534074694
0.0932493837234
0.0867153908421
0.0778981162243
0.0668201861318
0.0535710846852
0.0383168791213
0.0213088643097
0.00289109377374
-0.0164940510979
-0.0363032253707
-0.0558928873832
-0.0745240951953
-0.0913757159372
-0.105569160345
-0.116206243213
-0.122418321879
-0.123426394021
-0.118610133513
-0.107582189071
-0.0902641650074
-0.0669567670168
-0.0383988249178
-0.00580376207947
0.0291331671916
0.064268077087
0.097087884268
0.124843220718
0.144732730994
0.154147364715
0.151003782415
0.134119507587
0.103547894024
0.0608375569552
0.00915994084335
-0.0467464225931
-0.100862702184
-0.146432815422
-0.176750024899
-0.186140320604
-0.17101995551
-0.130893546654
-0.0690528836418
0.00719395067206
0.086980779158
0.157150637225
0.204250404644
0.217032568615
0.189236569059
0.121843941762
0.0240479709728
-0.0871838934227
-0.190642580299
-0.2615022874
-0.267859839719
-0.171058715096
0.0612385474235
0.399645100962
0.651429225155
0.488622597881
1.20957622867
0.0810335169141
0.07910272016
0.0767052247281
0.0738340764881
0.0704823797957
0.0666433337813
0.0623110612013
0.0574814054301
0.0521529900205
0.0463284750984
0.0400158023694
0.0332297349444
0.0259933874214
0.018339912431
0.0103140390191
0.00197367156298
-0.00660875618855
-0.0153450927578
-0.0241306039145
-0.0328437306951
-0.04134620113
-0.0494838645031
-0.0570883164056
-0.0639794765905
-0.0699690012576
-0.0748647578975
-0.0784682089043
-0.0806070014425
-0.0811399921898
-0.079944354984
-0.0769225826076
-0.0720100686765
-0.0651828436121
-0.0564659132067
-0.0459411006486
-0.0337541953047
-0.0201218362806
-0.00533624646051
0.0102321764938
0.0261347703498
0.0418479473902
0.0567803643665
0.0702845420872
0.0816728929931
0.0902422101111
0.0953100671894
0.0962623544459
0.0926094900277
0.0840477371855
0.070522027585
0.0522844943367
0.0299418961047
0.00448432213875
-0.0227122249398
-0.0499188507402
-0.0751275702353
-0.0961703746184
-0.110882720178
-0.117305734563
-0.113912456546
-0.0998506163112
-0.0752274644366
-0.0413585957411
-0.000886330220387
0.0422702323767
0.0831744544579
0.11635300918
0.136495372787
0.139306718845
0.122417419492
0.0861898791523
0.0342435424518
-0.0265089725054
-0.0864413777313
-0.134542415609
-0.160322389959
-0.15615920341
-0.119613239028
-0.0549885546402
0.026235008621
0.106664298521
0.166132915272
0.186484906608
0.156176639415
0.0707515159444
-0.063122306112
-0.213505239213
-0.294132538166
-0.149426336635
0.320083520735
0.646664137175
0.779469239497
-0.072996732083
-0.0709659868792
-0.0684495443564
-0.0654433789207
-0.061944212225
-0.0579496112919
-0.0534589390571
-0.0484742899926
-0.0430017136269
-0.0370526467437
-0.0306453281843
-0.0238064951025
-0.0165730294773
-0.00899370066198
-0.00113068084526
0.00693899002151
0.0151223355226
0.0233097199807
0.0313746373554
0.0391742971552
0.0465508419367
0.0533335435306
0.0593419575792
0.0643901781601
0.0682921894811
0.0708682966957
0.0719515720757
0.0714147761097
0.0691673663436
0.0651511789794
0.0593481298558
0.0517878858551
0.0425546551107
0.031794020902
0.0197179170246
0.00660758406079
-0.00718496050383
-0.0212392727965
-0.0350724906859
-0.0481489641533
-0.0598945161297
-0.0697150657846
-0.0770191218842
-0.0812443101278
-0.0818902760439
-0.0785634818519
-0.0710290096092
-0.0592659597249
-0.0435192113183
-0.0243415321151
-0.00261923407893
0.0204286824535
0.043282931453
0.0641956672742
0.0813041412461
0.092786254758
0.097048982368
0.09293839347
0.0799453055023
0.058380783854
0.029498330066
-0.00439215666478
-0.0399273727754
-0.0729000634618
-0.0986878269936
-0.112879823403
-0.112045175379
-0.0945415953313
-0.0612107376236
-0.0157879222037
0.0351691623543
0.0829416581824
0.117990865372
0.131809965212
0.11907484142
0.0795995126764
0.0194702641191
-0.0491133172734
-0.109632965381
-0.145016952612
-0.142451406221
-0.0979162086267
-0.0193390835093
0.0746578978837
0.156270443167
0.185727646969
0.114248992208
-0.0830616155832
-0.295777448484
-0.132170526437
0.477397546847
