nonGaussian observation error table::
!
! only put comment (using !) in this block
!
# instrument    channel       stdev_from        predictor      cloud proxy
#   amsua          ch15        OmF_v3_hydro        sym_cld           ch3
!
! read the parameters for the table:
! max_range     = the range of OmF pdf in x axis
! dx            = dx in x-axis to define the bin for the OmF pdf
! bdy_slope     = the slope of stdev used to extrapolate to large OmF (larger = inflating more for extreme OmF)
! cri_costfn    = define the boundry of the cost-function that are used to estimate the stdev (not used in GSI code)
! num_cloud_cat = the number of cloud amount categories
! cloud_bin     = the boundary of cloud bins (size = num_cloud_cat +1 )
!
max_range      =  60.0
dx             =  2.00
bdy_slope      =  0.5
cri_costfn     =  3.2e-06
num_cloud_cat  =  14
::

cloud_bin::
0.00   0.50   1.00   1.50   2.00   3.00   4.00   5.00   6.00   8.00   10.00   13.00   16.00   20.00   30.00
::

bias::
-1.12   -0.67   0.97   1.35   2.75   2.48   3.23   3.98   4.12   5.48   1.92   2.33   2.52   2.60
::

stdev::
28.89   27.89   26.89   25.89   24.89   23.89   22.89   21.89   20.89   19.89   18.89   17.89   16.89   15.89   14.89   13.89   12.89   11.89   10.89   9.89   8.89   7.89   6.89   5.89   4.89   3.89   2.89   2.39   2.18   2.10   1.81   2.06   2.39   3.20   4.20   5.20   6.20   7.20   8.20   9.20   10.20   11.20   12.20   13.20   14.20   15.20   16.20   17.20   18.20   19.20   20.20   21.20   22.20   23.20   24.20   25.20   26.20   27.20   28.20   29.20   30.20
29.37   28.37   27.37   26.37   25.37   24.37   23.37   22.37   21.37   20.37   19.37   18.37   17.37   16.37   15.37   14.37   13.37   12.37   11.37   10.37   9.37   8.37   7.37   6.37   5.37   4.37   3.37   2.79   2.37   2.03   2.34   2.23   2.51   2.96   3.94   4.94   5.94   6.94   7.94   8.94   9.94   10.94   11.94   12.94   13.94   14.94   15.94   16.94   17.94   18.94   19.94   20.94   21.94   22.94   23.94   24.94   25.94   26.94   27.94   28.94   29.94
30.15   29.15   28.15   27.15   26.15   25.15   24.15   23.15   22.15   21.15   20.15   19.15   18.15   17.15   16.15   15.15   14.15   13.15   12.15   11.15   10.15   9.15   8.15   7.15   6.15   5.15   4.19   3.72   3.33   3.09   3.19   2.41   2.54   2.79   3.16   4.13   5.13   6.13   7.13   8.13   9.13   10.13   11.13   12.13   13.13   14.13   15.13   16.13   17.13   18.13   19.13   20.13   21.13   22.13   23.13   24.13   25.13   26.13   27.13   28.13   29.13
30.21   29.21   28.21   27.21   26.21   25.21   24.21   23.21   22.21   21.21   20.21   19.21   18.21   17.21   16.21   15.21   14.21   13.21   12.21   11.21   10.21   9.21   8.21   7.21   6.21   5.21   4.77   4.46   4.15   3.88   3.57   3.99   3.86   3.76   3.71   3.72   4.56   5.56   6.56   7.56   8.56   9.56   10.56   11.56   12.56   13.56   14.56   15.56   16.56   17.56   18.56   19.56   20.56   21.56   22.56   23.56   24.56   25.56   26.56   27.56   28.56
31.00   30.00   29.00   28.00   27.00   26.00   25.00   24.00   23.00   22.00   21.00   20.00   19.00   18.00   17.00   16.00   15.00   14.00   13.00   12.00   11.00   10.00   9.00   8.00   7.00   6.18   5.99   5.82   5.68   5.57   5.54   5.83   4.61   4.76   4.72   4.65   4.58   4.63   5.63   6.63   7.63   8.63   9.63   10.63   11.63   12.63   13.63   14.63   15.63   16.63   17.63   18.63   19.63   20.63   21.63   22.63   23.63   24.63   25.63   26.63   27.63
31.04   30.04   29.04   28.04   27.04   26.04   25.04   24.04   23.04   22.04   21.04   20.04   19.04   18.04   17.04   16.04   15.04   14.04   13.04   12.04   11.04   10.04   9.04   8.04   7.20   7.02   6.84   6.66   6.46   6.21   5.77   5.52   7.77   6.84   6.48   6.27   6.12   6.00   6.07   7.07   8.07   9.07   10.07   11.07   12.07   13.07   14.07   15.07   16.07   17.07   18.07   19.07   20.07   21.07   22.07   23.07   24.07   25.07   26.07   27.07   28.07
31.27   30.27   29.27   28.27   27.27   26.27   25.27   24.27   23.27   22.27   21.27   20.27   19.27   18.27   17.27   16.27   15.27   14.27   13.27   12.27   11.27   10.27   9.27   8.27   8.09   7.93   7.77   7.61   7.45   7.27   7.01   6.85   7.12   7.50   7.17   7.00   6.87   6.76   6.66   6.57   7.42   8.42   9.42   10.42   11.42   12.42   13.42   14.42   15.42   16.42   17.42   18.42   19.42   20.42   21.42   22.42   23.42   24.42   25.42   26.42   27.42
31.64   30.64   29.64   28.64   27.64   26.64   25.64   24.64   23.64   22.64   21.64   20.64   19.64   18.64   17.64   16.64   15.64   14.64   13.64   12.64   11.64   10.64   9.64   8.91   8.83   8.76   8.70   8.66   8.63   8.67   8.92   9.14   9.12   7.65   7.31   7.44   7.47   7.45   7.43   7.39   7.42   8.42   9.42   10.42   11.42   12.42   13.42   14.42   15.42   16.42   17.42   18.42   19.42   20.42   21.42   22.42   23.42   24.42   25.42   26.42   27.42
32.61   31.61   30.61   29.61   28.61   27.61   26.61   25.61   24.61   23.61   22.61   21.61   20.61   19.61   18.61   17.61   16.61   15.61   14.61   13.61   12.61   11.61   10.61   10.07   9.90   9.73   9.56   9.41   9.25   9.10   8.92   8.80   8.80   8.79   8.69   8.53   8.41   8.30   8.19   8.10   8.00   8.66   9.66   10.66   11.66   12.66   13.66   14.66   15.66   16.66   17.66   18.66   19.66   20.66   21.66   22.66   23.66   24.66   25.66   26.66   27.66
33.43   32.43   31.43   30.43   29.43   28.43   27.43   26.43   25.43   24.43   23.43   22.43   21.43   20.43   19.43   18.43   17.43   16.43   15.43   14.43   13.43   12.43   11.60   11.41   11.23   11.08   10.95   10.85   10.81   10.81   11.19   11.58   11.58   11.09   9.26   8.32   8.51   8.59   8.61   8.59   8.56   9.52   10.52   11.52   12.52   13.52   14.52   15.52   16.52   17.52   18.52   19.52   20.52   21.52   22.52   23.52   24.52   25.52   26.52   27.52   28.52
32.39   31.39   30.39   29.39   28.39   27.39   26.39   25.39   24.39   23.39   22.39   21.39   20.39   19.39   18.39   17.39   16.39   15.39   14.39   13.39   12.39   11.39   10.94   10.78   10.60   10.41   10.17   9.92   9.47   9.00   8.98   9.07   11.52   13.58   12.48   11.52   11.21   10.92   10.75   10.59   10.47   10.81   11.81   12.81   13.81   14.81   15.81   16.81   17.81   18.81   19.81   20.81   21.81   22.81   23.81   24.81   25.81   26.81   27.81   28.81   29.81
33.43   32.43   31.43   30.43   29.43   28.43   27.43   26.43   25.43   24.43   23.43   22.43   21.43   20.43   19.43   18.43   17.43   16.43   15.43   14.43   13.43   12.43   11.53   11.29   11.04   10.78   10.52   10.20   9.83   9.51   9.51   9.51   10.33   11.32   11.53   11.01   10.54   10.32   10.10   9.94   9.79   10.26   11.26   12.26   13.26   14.26   15.26   16.26   17.26   18.26   19.26   20.26   21.26   22.26   23.26   24.26   25.26   26.26   27.26   28.26   29.26
32.78   31.78   30.78   29.78   28.78   27.78   26.78   25.78   24.78   23.78   22.78   21.78   20.78   19.78   18.78   17.78   16.78   15.78   14.78   13.78   12.78   11.78   11.41   11.15   10.90   10.67   10.43   10.17   9.90   9.70   9.70   9.70   9.99   10.39   10.64   10.38   10.12   9.95   9.82   9.69   9.59   9.49   10.09   11.09   12.09   13.09   14.09   15.09   16.09   17.09   18.09   19.09   20.09   21.09   22.09   23.09   24.09   25.09   26.09   27.09   28.09
33.22   32.22   31.22   30.22   29.22   28.22   27.22   26.22   25.22   24.22   23.22   22.22   21.22   20.22   19.22   18.22   17.22   16.22   15.22   14.22   13.22   12.22   11.22   10.22   9.62   9.43   9.24   8.98   8.71   8.52   8.52   8.52   8.86   9.35   9.75   9.44   9.12   8.89   8.74   8.58   9.47   10.47   11.47   12.47   13.47   14.47   15.47   16.47   17.47   18.47   19.47   20.47   21.47   22.47   23.47   24.47   25.47   26.47   27.47   28.47   29.47
::