nonGaussian observation error table::
!
! only put comment (using !) in this block
!
# instrument    channel       stdev_from        predictor      cloud proxy
#   atms          ch21        OmF_v3_hydro        sym_cld           si1617
!
! read the parameters for the table:
! max_range     = the range of OmF pdf in x axis
! dx            = dx in x-axis to define the bin for the OmF pdf
! bdy_slope     = the slope of stdev used to extrapolate to large OmF (larger = inflating more for extreme OmF)
! cri_costfn    = define the boundry of the cost-function that are used to estimate the stdev (not used in GSI code)
! num_cloud_cat = the number of cloud amount categories
! cloud_bin     = the boundary of cloud bins (size = num_cloud_cat +1 )
!
max_range      =  30.0
dx             =  1.00
bdy_slope      =  0.5
cri_costfn     =  3.2e-06
num_cloud_cat  =  14
::

cloud_bin::
0.00   0.50   1.00   2.00   3.50   5.00   7.50   10.00   12.50   15.00   17.50   20.00   25.00   30.00   50.00
::

bias::
0.20   -0.20   0.17   0.18   0.20   -0.20   -0.27   -0.38   -0.55   -0.75   -0.88   -0.90   -1.20   -1.10
::

stdev::
14.88   14.38   13.88   13.38   12.88   12.38   11.88   11.38   10.88   10.38   9.88   9.38   8.88   8.38   7.88   7.38   6.88   6.38   5.88   5.38   4.88   4.38   3.88   3.38   2.88   2.38   1.88   1.59   1.39   1.24   1.21   1.26   1.38   1.58   1.96   2.49   2.99   3.49   3.99   4.49   4.99   5.49   5.99   6.49   6.99   7.49   7.99   8.49   8.99   9.49   9.99   10.49   10.99   11.49   11.99   12.49   12.99   13.49   13.99   14.49   14.99
14.82   14.32   13.82   13.32   12.82   12.32   11.82   11.32   10.82   10.32   9.82   9.32   8.82   8.32   7.82   7.32   6.82   6.32   5.82   5.32   4.82   4.32   3.82   3.32   2.82   2.32   1.82   1.48   1.21   0.99   1.14   1.30   1.56   1.88   2.19   2.51   2.95   3.45   3.95   4.45   4.95   5.45   5.95   6.45   6.95   7.45   7.95   8.45   8.95   9.45   9.95   10.45   10.95   11.45   11.95   12.45   12.95   13.45   13.95   14.45   14.95
14.94   14.44   13.94   13.44   12.94   12.44   11.94   11.44   10.94   10.44   9.94   9.44   8.94   8.44   7.94   7.44   6.94   6.44   5.94   5.44   4.94   4.44   3.94   3.44   2.94   2.44   1.99   1.63   1.36   1.26   1.52   1.15   1.41   1.65   1.95   2.42   2.93   3.43   3.93   4.43   4.93   5.43   5.93   6.43   6.93   7.43   7.93   8.43   8.93   9.43   9.93   10.43   10.93   11.43   11.93   12.43   12.93   13.43   13.93   14.43   14.93
14.93   14.43   13.93   13.43   12.93   12.43   11.93   11.43   10.93   10.43   9.93   9.43   8.93   8.43   7.93   7.43   6.93   6.43   5.93   5.43   4.93   4.43   3.93   3.43   2.93   2.43   2.05   1.73   1.49   1.32   1.17   1.22   1.30   1.58   2.11   2.62   3.12   3.62   4.12   4.62   5.12   5.62   6.12   6.62   7.12   7.62   8.12   8.62   9.12   9.62   10.12   10.62   11.12   11.62   12.12   12.62   13.12   13.62   14.12   14.62   15.12
14.96   14.46   13.96   13.46   12.96   12.46   11.96   11.46   10.96   10.46   9.96   9.46   8.96   8.46   7.96   7.46   6.96   6.46   5.96   5.46   4.96   4.46   3.96   3.46   2.96   2.46   2.04   1.75   1.57   1.46   1.61   1.14   1.33   1.63   2.05   2.55   3.05   3.55   4.05   4.55   5.05   5.55   6.05   6.55   7.05   7.55   8.05   8.55   9.05   9.55   10.05   10.55   11.05   11.55   12.05   12.55   13.05   13.55   14.05   14.55   15.05
15.24   14.74   14.24   13.74   13.24   12.74   12.24   11.74   11.24   10.74   10.24   9.74   9.24   8.74   8.24   7.74   7.24   6.74   6.24   5.74   5.24   4.74   4.24   3.74   3.24   2.58   1.98   1.65   1.44   1.27   1.26   1.31   1.48   1.77   2.19   2.64   3.14   3.64   4.14   4.64   5.14   5.64   6.14   6.64   7.14   7.64   8.14   8.64   9.14   9.64   10.14   10.64   11.14   11.64   12.14   12.64   13.14   13.64   14.14   14.64   15.14
15.57   15.07   14.57   14.07   13.57   13.07   12.57   12.07   11.57   11.07   10.57   10.07   9.57   9.07   8.57   8.07   7.57   7.07   6.57   6.07   5.57   5.07   4.57   4.07   3.80   3.13   2.27   1.65   1.36   1.32   1.25   1.34   1.57   1.84   2.16   2.60   3.10   3.60   4.10   4.60   5.10   5.60   6.10   6.60   7.10   7.60   8.10   8.60   9.10   9.60   10.10   10.60   11.10   11.60   12.10   12.60   13.10   13.60   14.10   14.60   15.10
15.73   15.23   14.73   14.23   13.73   13.23   12.73   12.23   11.73   11.23   10.73   10.23   9.73   9.23   8.73   8.23   7.73   7.23   6.73   6.23   5.73   5.23   4.73   4.14   3.57   3.04   2.53   2.03   1.59   1.26   1.51   1.57   1.60   1.87   2.30   2.82   3.32   3.82   4.32   4.82   5.32   5.82   6.32   6.82   7.32   7.82   8.32   8.82   9.32   9.82   10.32   10.82   11.32   11.82   12.32   12.82   13.32   13.82   14.32   14.82   15.32
17.14   16.64   16.14   15.64   15.14   14.64   14.14   13.64   13.14   12.64   12.14   11.64   11.14   10.64   10.14   9.64   9.14   8.64   8.14   7.64   7.14   6.54   5.70   4.73   3.82   3.03   2.39   1.92   1.55   1.43   1.64   1.78   1.72   1.92   2.28   2.82   3.32   3.82   4.32   4.82   5.32   5.82   6.32   6.82   7.32   7.82   8.32   8.82   9.32   9.82   10.32   10.82   11.32   11.82   12.32   12.82   13.32   13.82   14.32   14.82   15.32
17.49   16.99   16.49   15.99   15.49   14.99   14.49   13.99   13.49   12.99   12.49   11.99   11.49   10.99   10.49   9.99   9.49   8.99   8.49   7.99   7.49   6.43   5.24   4.24   3.46   2.82   2.37   2.06   1.86   1.86   1.85   1.88   2.06   2.36   2.74   3.25   3.75   4.25   4.75   5.25   5.75   6.25   6.75   7.25   7.75   8.25   8.75   9.25   9.75   10.25   10.75   11.25   11.75   12.25   12.75   13.25   13.75   14.25   14.75   15.25   15.75
16.29   15.79   15.29   14.79   14.29   13.79   13.29   12.79   12.29   11.79   11.29   10.79   10.29   9.79   9.29   8.79   8.29   7.79   7.29   6.79   6.29   5.68   5.00   4.37   3.76   3.18   2.64   2.15   1.97   1.97   2.04   2.13   2.28   2.48   2.79   3.12   3.48   3.96   4.46   4.96   5.46   5.96   6.46   6.96   7.46   7.96   8.46   8.96   9.46   9.96   10.46   10.96   11.46   11.96   12.46   12.96   13.46   13.96   14.46   14.96   15.46
16.52   16.02   15.52   15.02   14.52   14.02   13.52   13.02   12.52   12.02   11.52   11.02   10.52   10.02   9.52   9.02   8.52   8.02   7.52   7.02   6.52   5.71   4.88   4.22   3.60   3.09   2.64   2.24   2.12   2.12   2.18   2.26   2.35   2.49   2.74   3.12   3.62   4.12   4.62   5.12   5.62   6.12   6.62   7.12   7.62   8.12   8.62   9.12   9.62   10.12   10.62   11.12   11.62   12.12   12.62   13.12   13.62   14.12   14.62   15.12   15.62
16.83   16.33   15.83   15.33   14.83   14.33   13.83   13.33   12.83   12.33   11.83   11.33   10.83   10.33   9.83   9.33   8.83   8.33   7.83   7.33   6.62   5.86   5.12   4.39   3.66   3.11   2.57   2.35   2.35   2.36   2.42   2.48   2.55   2.62   2.86   3.36   3.86   4.36   4.86   5.36   5.86   6.36   6.86   7.36   7.86   8.36   8.86   9.36   9.86   10.36   10.86   11.36   11.86   12.36   12.86   13.36   13.86   14.36   14.86   15.36   15.86
16.83   16.33   15.83   15.33   14.83   14.33   13.83   13.33   12.83   12.33   11.83   11.33   10.83   10.33   9.83   9.33   8.83   8.33   7.83   7.33   6.83   5.91   4.94   4.17   3.48   2.95   2.56   2.30   2.30   2.30   2.37   2.43   2.53   2.62   2.82   3.06   3.43   3.93   4.43   4.93   5.43   5.93   6.43   6.93   7.43   7.93   8.43   8.93   9.43   9.93   10.43   10.93   11.43   11.93   12.43   12.93   13.43   13.93   14.43   14.93   15.43
::