nonGaussian observation error table::
!
! only put comment (using !) in this block
!
# instrument    channel       stdev_from        predictor      cloud proxy
#   atms          ch2        OmF_v3_hydro        sym_cld           clw
!
! read the parameters for the table:
! max_range     = the range of OmF pdf in x axis
! dx            = dx in x-axis to define the bin for the OmF pdf
! bdy_slope     = the slope of stdev used to extrapolate to large OmF (larger = inflating more for extreme OmF)
! cri_costfn    = define the boundry of the cost-function that are used to estimate the stdev (not used in GSI code)
! num_cloud_cat = the number of cloud amount categories
! cloud_bin     = the boundary of cloud bins (size = num_cloud_cat +1 )
!
max_range      =  60.0
dx             =  2.00
bdy_slope      =  0.5
cri_costfn     =  3.2e-06
num_cloud_cat  =  14
::

cloud_bin::
0.00   0.03   0.05   0.07   0.10   0.15   0.20   0.25   0.30   0.35   0.40   0.50   0.60   0.80   1.00
::

bias::
-0.15   0.67   1.50   1.35   3.25   4.05   6.97   3.45   4.58   5.52   -5.75   -7.43   -8.02   -11.30
::

stdev::
29.52   28.52   27.52   26.52   25.52   24.52   23.52   22.52   21.52   20.52   19.52   18.52   17.52   16.52   15.52   14.52   13.52   12.52   11.52   10.52   9.52   8.52   7.52   6.52   5.52   4.52   3.52   2.52   1.81   1.52   1.42   1.51   1.98   2.94   3.94   4.94   5.94   6.94   7.94   8.94   9.94   10.94   11.94   12.94   13.94   14.94   15.94   16.94   17.94   18.94   19.94   20.94   21.94   22.94   23.94   24.94   25.94   26.94   27.94   28.94   29.94
29.87   28.87   27.87   26.87   25.87   24.87   23.87   22.87   21.87   20.87   19.87   18.87   17.87   16.87   15.87   14.87   13.87   12.87   11.87   10.87   9.87   8.87   7.87   6.87   5.87   4.87   3.87   2.89   2.49   2.25   2.26   1.96   2.27   2.67   3.46   4.46   5.46   6.46   7.46   8.46   9.46   10.46   11.46   12.46   13.46   14.46   15.46   16.46   17.46   18.46   19.46   20.46   21.46   22.46   23.46   24.46   25.46   26.46   27.46   28.46   29.46
30.19   29.19   28.19   27.19   26.19   25.19   24.19   23.19   22.19   21.19   20.19   19.19   18.19   17.19   16.19   15.19   14.19   13.19   12.19   11.19   10.19   9.19   8.19   7.19   6.19   5.19   4.19   3.52   3.30   3.15   3.20   2.50   2.67   2.99   3.38   4.07   5.07   6.07   7.07   8.07   9.07   10.07   11.07   12.07   13.07   14.07   15.07   16.07   17.07   18.07   19.07   20.07   21.07   22.07   23.07   24.07   25.07   26.07   27.07   28.07   29.07
30.31   29.31   28.31   27.31   26.31   25.31   24.31   23.31   22.31   21.31   20.31   19.31   18.31   17.31   16.31   15.31   14.31   13.31   12.31   11.31   10.31   9.31   8.31   7.31   6.31   5.31   4.31   4.05   3.95   3.82   3.50   4.42   4.13   4.17   4.35   4.60   4.94   5.89   6.89   7.89   8.89   9.89   10.89   11.89   12.89   13.89   14.89   15.89   16.89   17.89   18.89   19.89   20.89   21.89   22.89   23.89   24.89   25.89   26.89   27.89   28.89
31.43   30.43   29.43   28.43   27.43   26.43   25.43   24.43   23.43   22.43   21.43   20.43   19.43   18.43   17.43   16.43   15.43   14.43   13.43   12.43   11.43   10.43   9.43   8.43   7.43   6.43   6.13   5.95   5.77   5.60   5.42   5.13   5.42   5.48   5.54   5.69   5.87   6.08   6.33   7.24   8.24   9.24   10.24   11.24   12.24   13.24   14.24   15.24   16.24   17.24   18.24   19.24   20.24   21.24   22.24   23.24   24.24   25.24   26.24   27.24   28.24
31.70   30.70   29.70   28.70   27.70   26.70   25.70   24.70   23.70   22.70   21.70   20.70   19.70   18.70   17.70   16.70   15.70   14.70   13.70   12.70   11.70   10.70   9.70   9.10   9.03   8.96   8.87   8.77   8.65   8.47   8.12   7.84   7.84   9.94   10.23   9.56   9.31   9.16   9.05   8.96   8.89   8.82   9.32   10.32   11.32   12.32   13.32   14.32   15.32   16.32   17.32   18.32   19.32   20.32   21.32   22.32   23.32   24.32   25.32   26.32   27.32
34.11   33.11   32.11   31.11   30.11   29.11   28.11   27.11   26.11   25.11   24.11   23.11   22.11   21.11   20.11   19.11   18.11   17.11   16.11   15.11   14.11   13.11   12.25   12.30   12.35   12.44   12.54   12.71   12.97   13.37   14.55   15.73   15.92   15.92   14.45   11.59   9.33   9.69   10.04   10.20   10.32   10.41   10.47   10.73   11.73   12.73   13.73   14.73   15.73   16.73   17.73   18.73   19.73   20.73   21.73   22.73   23.73   24.73   25.73   26.73   27.73
32.44   31.44   30.44   29.44   28.44   27.44   26.44   25.44   24.44   23.44   22.44   21.44   20.44   19.44   18.44   17.44   16.44   15.44   14.51   14.49   14.46   14.44   14.41   14.38   14.34   14.30   14.24   14.17   14.10   14.09   14.09   14.09   14.14   14.32   14.51   14.69   14.66   14.59   14.52   14.46   14.43   14.39   14.36   14.34   14.31   14.29   14.75   15.75   16.75   17.75   18.75   19.75   20.75   21.75   22.75   23.75   24.75   25.75   26.75   27.75   28.75
34.75   33.75   32.75   31.75   30.75   29.75   28.75   27.75   26.75   25.75   24.75   23.75   22.75   21.75   20.75   19.75   18.75   17.75   16.75   16.22   16.28   16.35   16.42   16.48   16.64   16.82   16.99   17.16   17.29   17.29   17.29   17.29   17.29   16.94   16.44   15.95   15.46   15.05   15.18   15.31   15.44   15.57   15.66   15.72   15.78   15.84   15.90   16.89   17.89   18.89   19.89   20.89   21.89   22.89   23.89   24.89   25.89   26.89   27.89   28.89   29.89
35.40   34.40   33.40   32.40   31.40   30.40   29.40   28.40   27.40   26.40   25.40   24.40   23.40   22.40   21.40   20.40   19.40   19.25   19.30   19.34   19.39   19.44   19.54   19.78   20.02   20.27   20.51   20.75   20.81   20.81   20.81   20.81   20.81   20.60   19.71   18.82   17.93   17.04   16.16   15.99   16.12   16.25   16.37   16.50   16.79   17.79   18.79   19.79   20.79   21.79   22.79   23.79   24.79   25.79   26.79   27.79   28.79   29.79   30.79   31.79   32.79
33.25   32.25   31.25   30.25   29.25   28.25   27.25   26.25   25.25   24.25   23.25   22.25   21.25   20.25   19.25   18.25   17.54   17.34   17.13   16.92   16.71   16.50   16.42   16.42   16.42   16.42   16.42   16.42   18.26   20.36   22.46   24.56   26.66   28.41   27.64   26.88   26.12   25.36   24.60   24.08   23.96   23.84   23.71   23.59   23.47   24.05   25.05   26.05   27.05   28.05   29.05   30.05   31.05   32.05   33.05   34.05   35.05   36.05   37.05   38.05   39.05
32.53   31.53   30.53   29.53   28.53   27.53   26.53   25.53   24.53   23.53   22.53   21.53   21.26   21.57   21.88   22.19   22.49   22.80   23.11   23.37   23.37   23.37   23.37   23.37   23.37   23.37   23.37   23.54   23.76   23.99   24.22   24.45   24.68   24.90   25.23   25.78   26.34   26.89   27.45   28.00   28.56   29.11   29.85   30.62   31.38   32.15   32.92   33.68   34.45   35.32   36.32   37.32   38.32   39.32   40.32   41.32   42.32   43.32   44.32   45.32   46.32
32.46   31.46   30.46   29.46   28.46   27.46   26.46   25.46   24.46   23.46   22.56   23.05   23.54   24.03   24.52   25.01   25.51   26.00   26.47   26.47   26.47   26.47   26.47   26.47   26.47   26.47   26.47   26.32   26.18   26.03   25.89   25.75   25.60   25.46   25.31   26.05   26.80   27.56   28.31   29.06   29.81   30.57   31.32   32.31   33.31   34.31   35.31   36.31   37.31   38.31   39.31   40.31   41.31   42.31   43.31   44.31   45.31   46.31   47.31   48.31   49.31
38.63   37.63   36.63   35.63   34.63   33.63   32.63   31.63   30.63   29.63   28.63   27.63   26.63   25.63   25.58   25.58   25.58   25.58   25.58   25.58   25.58   25.58   25.58   25.58   25.58   25.84   26.24   26.64   27.04   27.44   27.84   28.24   28.64   29.04   29.44   29.84   30.21   30.53   30.86   31.18   31.51   31.83   32.15   32.48   32.80   33.12   33.45   33.81   34.81   35.81   36.81   37.81   38.81   39.81   40.81   41.81   42.81   43.81   44.81   45.81   46.81
::