nonGaussian observation error table::
!
! only put comment (using !) in this block
!
# instrument    channel       stdev_from        predictor      cloud proxy
#   amsua          ch4        OmF_v3_hydro        sym_cld           ch3
!
! read the parameters for the table:
! max_range     = the range of OmF pdf in x axis
! dx            = dx in x-axis to define the bin for the OmF pdf
! bdy_slope     = the slope of stdev used to extrapolate to large OmF (larger = inflating more for extreme OmF)
! cri_costfn    = define the boundry of the cost-function that are used to estimate the stdev (not used in GSI code)
! num_cloud_cat = the number of cloud amount categories
! cloud_bin     = the boundary of cloud bins (size = num_cloud_cat +1 )
!
max_range      =  15.0
dx             =  0.50
bdy_slope      =  0.5
cri_costfn     =  3.2e-06
num_cloud_cat  =  14
::

cloud_bin::
0.00   0.50   1.00   1.50   2.00   3.00   4.00   5.00   6.00   8.00   10.00   13.00   16.00   20.00   30.00
::

bias::
-0.38   -0.15   -0.08   0.07   0.07   0.12   0.18   0.20   0.25   0.35   0.38   0.45   -0.52   0.60
::

stdev::
7.82   7.57   7.32   7.07   6.82   6.57   6.32   6.07   5.82   5.57   5.32   5.07   4.82   4.57   4.32   4.07   3.82   3.57   3.32   3.07   2.82   2.57   2.32   2.07   1.83   1.47   1.01   0.66   0.42   0.29   0.41   0.55   0.71   0.75   0.95   1.20   1.45   1.70   1.95   2.20   2.45   2.70   2.95   3.20   3.45   3.70   3.95   4.20   4.45   4.70   4.95   5.20   5.45   5.70   5.95   6.20   6.45   6.70   6.95   7.20   7.45
7.97   7.72   7.47   7.22   6.97   6.72   6.47   6.22   5.97   5.72   5.47   5.22   4.97   4.72   4.47   4.22   3.97   3.72   3.47   3.22   2.97   2.72   2.47   2.22   1.97   1.49   1.05   0.74   0.52   0.36   0.27   0.41   0.67   0.69   0.85   1.10   1.35   1.60   1.85   2.10   2.35   2.60   2.85   3.10   3.35   3.60   3.85   4.10   4.35   4.60   4.85   5.10   5.35   5.60   5.85   6.10   6.35   6.60   6.85   7.10   7.35
7.77   7.52   7.27   7.02   6.77   6.52   6.27   6.02   5.77   5.52   5.27   5.02   4.77   4.52   4.27   4.02   3.77   3.52   3.27   3.02   2.77   2.52   2.27   2.02   1.77   1.54   1.17   0.81   0.53   0.40   0.37   0.42   0.58   0.69   0.85   1.10   1.35   1.60   1.85   2.10   2.35   2.60   2.85   3.10   3.35   3.60   3.85   4.10   4.35   4.60   4.85   5.10   5.35   5.60   5.85   6.10   6.35   6.60   6.85   7.10   7.35
7.67   7.42   7.17   6.92   6.67   6.42   6.17   5.92   5.67   5.42   5.17   4.92   4.67   4.42   4.17   3.92   3.67   3.42   3.17   2.92   2.67   2.42   2.17   1.92   1.67   1.42   1.07   0.83   0.64   0.49   0.47   0.40   0.52   0.65   0.78   1.03   1.28   1.53   1.78   2.03   2.28   2.53   2.78   3.03   3.28   3.53   3.78   4.03   4.28   4.53   4.78   5.03   5.28   5.53   5.78   6.03   6.28   6.53   6.78   7.03   7.28
7.62   7.37   7.12   6.87   6.62   6.37   6.12   5.87   5.62   5.37   5.12   4.87   4.62   4.37   4.12   3.87   3.62   3.37   3.12   2.87   2.62   2.37   2.12   1.87   1.62   1.37   1.10   0.85   0.64   0.51   0.44   0.49   0.56   0.66   0.78   1.02   1.27   1.52   1.77   2.02   2.27   2.52   2.77   3.02   3.27   3.52   3.77   4.02   4.27   4.52   4.77   5.02   5.27   5.52   5.77   6.02   6.27   6.52   6.77   7.02   7.27
7.63   7.38   7.13   6.88   6.63   6.38   6.13   5.88   5.63   5.38   5.13   4.88   4.63   4.38   4.13   3.88   3.63   3.38   3.13   2.88   2.63   2.38   2.13   1.88   1.63   1.37   1.09   0.85   0.71   0.61   0.56   0.59   0.64   0.71   0.81   0.99   1.24   1.49   1.74   1.99   2.24   2.49   2.74   2.99   3.24   3.49   3.74   3.99   4.24   4.49   4.74   4.99   5.24   5.49   5.74   5.99   6.24   6.49   6.74   6.99   7.24
7.93   7.68   7.43   7.18   6.93   6.68   6.43   6.18   5.93   5.68   5.43   5.18   4.93   4.68   4.43   4.18   3.93   3.68   3.43   3.18   2.93   2.68   2.43   2.18   1.91   1.46   1.09   0.89   0.80   0.77   0.80   0.74   0.79   0.82   0.88   0.99   1.21   1.46   1.71   1.96   2.21   2.46   2.71   2.96   3.21   3.46   3.71   3.96   4.21   4.46   4.71   4.96   5.21   5.46   5.71   5.96   6.21   6.46   6.71   6.96   7.21
8.01   7.76   7.51   7.26   7.01   6.76   6.51   6.26   6.01   5.76   5.51   5.26   5.01   4.76   4.51   4.26   4.01   3.76   3.51   3.26   3.01   2.76   2.51   2.26   1.83   1.45   1.16   0.97   0.86   0.80   0.79   0.82   0.87   0.93   0.99   1.08   1.20   1.41   1.66   1.91   2.16   2.41   2.66   2.91   3.16   3.41   3.66   3.91   4.16   4.41   4.66   4.91   5.16   5.41   5.66   5.91   6.16   6.41   6.66   6.91   7.16
7.85   7.60   7.35   7.10   6.85   6.60   6.35   6.10   5.85   5.60   5.35   5.10   4.85   4.60   4.35   4.10   3.85   3.60   3.35   3.10   2.85   2.60   2.32   2.02   1.76   1.53   1.34   1.19   1.10   1.07   1.08   1.05   1.07   1.15   1.23   1.32   1.43   1.58   1.77   2.01   2.26   2.51   2.76   3.01   3.26   3.51   3.76   4.01   4.26   4.51   4.76   5.01   5.26   5.51   5.76   6.01   6.26   6.51   6.76   7.01   7.26
7.90   7.65   7.40   7.15   6.90   6.65   6.40   6.15   5.90   5.65   5.40   5.15   4.90   4.65   4.40   4.15   3.90   3.65   3.40   3.15   2.90   2.63   2.26   1.99   1.79   1.64   1.53   1.43   1.35   1.28   1.26   1.28   1.32   1.36   1.41   1.47   1.55   1.65   1.77   1.92   2.16   2.41   2.66   2.91   3.16   3.41   3.66   3.91   4.16   4.41   4.66   4.91   5.16   5.41   5.66   5.91   6.16   6.41   6.66   6.91   7.16
7.66   7.41   7.16   6.91   6.66   6.41   6.16   5.91   5.66   5.41   5.16   4.91   4.66   4.41   4.16   3.91   3.66   3.41   3.16   2.91   2.66   2.39   2.14   1.96   1.83   1.72   1.64   1.59   1.58   1.62   1.63   1.60   1.45   1.49   1.59   1.67   1.76   1.86   1.96   2.08   2.21   2.34   2.56   2.81   3.06   3.31   3.56   3.81   4.06   4.31   4.56   4.81   5.06   5.31   5.56   5.81   6.06   6.31   6.56   6.81   7.06
7.67   7.42   7.17   6.92   6.67   6.42   6.17   5.92   5.67   5.42   5.17   4.92   4.67   4.42   4.17   3.92   3.67   3.42   3.17   2.92   2.67   2.42   2.18   2.04   1.91   1.82   1.77   1.74   1.84   1.99   2.00   1.97   1.61   1.41   1.55   1.68   1.81   1.95   2.11   2.30   2.49   2.73   2.97   3.22   3.47   3.72   3.97   4.22   4.47   4.72   4.97   5.22   5.47   5.72   5.97   6.22   6.47   6.72   6.97   7.22   7.47
7.51   7.26   7.01   6.76   6.51   6.26   6.01   5.76   5.51   5.26   5.01   4.76   4.51   4.26   4.01   3.76   3.51   3.26   3.01   2.76   2.51   2.26   2.01   1.78   1.59   1.41   1.28   1.17   1.17   1.18   1.47   1.75   1.80   1.84   1.95   2.09   2.22   2.36   2.50   2.65   2.80   2.97   3.17   3.42   3.67   3.92   4.17   4.42   4.67   4.92   5.17   5.42   5.67   5.92   6.17   6.42   6.67   6.92   7.17   7.42   7.67
7.52   7.27   7.02   6.77   6.52   6.27   6.02   5.77   5.52   5.27   5.02   4.77   4.52   4.27   4.02   3.77   3.52   3.27   3.02   2.77   2.52   2.27   2.07   1.94   1.81   1.73   1.65   1.62   1.61   1.61   1.61   1.61   1.49   1.35   1.32   1.48   1.63   1.84   2.05   2.27   2.51   2.76   3.01   3.26   3.51   3.76   4.01   4.26   4.51   4.76   5.01   5.26   5.51   5.76   6.01   6.26   6.51   6.76   7.01   7.26   7.51
::