nonGaussian observation error table::
!
! only put comment (using !) in this block
!
# instrument    channel       stdev_from        predictor      cloud proxy
#   amsua          ch2        OmF_v3_hydro        sym_cld           clw
!
! read the parameters for the table:
! max_range     = the range of OmF pdf in x axis
! dx            = dx in x-axis to define the bin for the OmF pdf
! bdy_slope     = the slope of stdev used to extrapolate to large OmF (larger = inflating more for extreme OmF)
! cri_costfn    = define the boundry of the cost-function that are used to estimate the stdev (not used in GSI code)
! num_cloud_cat = the number of cloud amount categories
! cloud_bin     = the boundary of cloud bins (size = num_cloud_cat +1 )
!
max_range      =  60.0
dx             =  2.00
bdy_slope      =  0.5
cri_costfn     =  3.2e-06
num_cloud_cat  =  14
::

cloud_bin::
0.00   0.03   0.05   0.07   0.10   0.15   0.20   0.25   0.30   0.35   0.40   0.50   0.60   0.80   1.00
::

bias::
-0.15   0.20   0.83   2.13   3.12   3.90   6.53   9.68   4.33   5.52   -5.70   7.45   8.30   -11.05
::

stdev::
29.57   28.57   27.57   26.57   25.57   24.57   23.57   22.57   21.57   20.57   19.57   18.57   17.57   16.57   15.57   14.57   13.57   12.57   11.57   10.57   9.57   8.57   7.57   6.57   5.57   4.57   3.57   2.57   1.75   1.45   1.32   1.52   1.87   2.70   3.70   4.70   5.70   6.70   7.70   8.70   9.70   10.70   11.70   12.70   13.70   14.70   15.70   16.70   17.70   18.70   19.70   20.70   21.70   22.70   23.70   24.70   25.70   26.70   27.70   28.70   29.70
29.58   28.58   27.58   26.58   25.58   24.58   23.58   22.58   21.58   20.58   19.58   18.58   17.58   16.58   15.58   14.58   13.58   12.58   11.58   10.58   9.58   8.58   7.58   6.58   5.58   4.58   3.58   2.65   2.37   2.15   1.84   2.16   2.35   2.67   3.50   4.50   5.50   6.50   7.50   8.50   9.50   10.50   11.50   12.50   13.50   14.50   15.50   16.50   17.50   18.50   19.50   20.50   21.50   22.50   23.50   24.50   25.50   26.50   27.50   28.50   29.50
29.89   28.89   27.89   26.89   25.89   24.89   23.89   22.89   21.89   20.89   19.89   18.89   17.89   16.89   15.89   14.89   13.89   12.89   11.89   10.89   9.89   8.89   7.89   6.89   5.89   4.89   3.89   3.25   3.08   2.93   2.74   2.85   2.97   3.19   3.48   4.14   5.14   6.14   7.14   8.14   9.14   10.14   11.14   12.14   13.14   14.14   15.14   16.14   17.14   18.14   19.14   20.14   21.14   22.14   23.14   24.14   25.14   26.14   27.14   28.14   29.14
30.48   29.48   28.48   27.48   26.48   25.48   24.48   23.48   22.48   21.48   20.48   19.48   18.48   17.48   16.48   15.48   14.48   13.48   12.48   11.48   10.48   9.48   8.48   7.48   6.48   5.48   4.51   4.31   4.15   4.05   4.09   4.71   3.42   3.73   3.99   4.27   4.76   5.76   6.76   7.76   8.76   9.76   10.76   11.76   12.76   13.76   14.76   15.76   16.76   17.76   18.76   19.76   20.76   21.76   22.76   23.76   24.76   25.76   26.76   27.76   28.76
31.09   30.09   29.09   28.09   27.09   26.09   25.09   24.09   23.09   22.09   21.09   20.09   19.09   18.09   17.09   16.09   15.09   14.09   13.09   12.09   11.09   10.09   9.09   8.09   7.09   6.35   6.18   6.02   5.88   5.75   5.65   5.60   5.48   5.56   5.70   5.85   6.01   6.18   6.36   7.00   8.00   9.00   10.00   11.00   12.00   13.00   14.00   15.00   16.00   17.00   18.00   19.00   20.00   21.00   22.00   23.00   24.00   25.00   26.00   27.00   28.00
32.24   31.24   30.24   29.24   28.24   27.24   26.24   25.24   24.24   23.24   22.24   21.24   20.24   19.24   18.24   17.24   16.24   15.24   14.24   13.24   12.24   11.24   10.24   9.37   9.28   9.17   9.06   8.92   8.76   8.51   8.06   7.70   7.87   11.18   10.94   9.98   9.62   9.42   9.27   9.16   9.06   8.97   9.92   10.92   11.92   12.92   13.92   14.92   15.92   16.92   17.92   18.92   19.92   20.92   21.92   22.92   23.92   24.92   25.92   26.92   27.92
34.98   33.98   32.98   31.98   30.98   29.98   28.98   27.98   26.98   25.98   24.98   23.98   22.98   21.98   20.98   19.98   18.98   17.98   16.98   15.98   14.98   13.98   12.98   12.58   12.57   12.57   12.58   12.61   12.68   12.77   13.10   13.43   13.45   13.45   12.54   11.31   10.87   11.07   11.20   11.25   11.29   11.30   11.31   11.30   11.29   12.15   13.15   14.15   15.15   16.15   17.15   18.15   19.15   20.15   21.15   22.15   23.15   24.15   25.15   26.15   27.15
37.24   36.24   35.24   34.24   33.24   32.24   31.24   30.24   29.24   28.24   27.24   26.24   25.24   24.24   23.24   22.24   21.24   20.24   19.24   18.48   18.32   18.15   17.99   17.89   17.78   17.68   17.68   17.70   17.73   18.11   18.72   19.33   19.70   19.70   19.70   19.33   17.05   14.77   12.49   12.52   12.71   12.90   12.96   12.97   12.98   13.47   14.47   15.47   16.47   17.47   18.47   19.47   20.47   21.47   22.47   23.47   24.47   25.47   26.47   27.47   28.47
36.32   35.32   34.32   33.32   32.32   31.32   30.32   29.32   28.32   27.32   26.32   25.32   24.32   23.32   22.32   21.32   20.32   19.32   18.32   17.32   17.09   17.03   16.98   16.92   16.83   16.71   16.58   16.46   16.35   16.35   16.35   16.35   16.35   16.72   17.17   17.61   18.06   18.19   18.04   17.88   17.73   17.59   17.53   17.46   17.40   17.34   18.20   19.20   20.20   21.20   22.20   23.20   24.20   25.20   26.20   27.20   28.20   29.20   30.20   31.20   32.20
38.93   37.93   36.93   35.93   34.93   33.93   32.93   31.93   30.93   29.93   28.93   27.93   26.93   25.93   24.93   23.93   22.93   22.62   22.48   22.33   22.18   22.04   21.89   21.76   21.62   21.49   21.35   21.22   21.18   21.18   21.18   21.18   21.18   21.13   20.92   20.71   20.50   20.29   20.08   19.95   19.85   19.74   19.64   19.53   19.43   19.34   19.25   19.15   19.06   18.97   19.60   20.60   21.60   22.60   23.60   24.60   25.60   26.60   27.60   28.60   29.60
33.36   32.36   31.36   30.36   29.36   28.36   27.36   26.36   25.36   24.36   23.36   22.36   21.36   20.36   19.36   18.36   17.60   17.54   17.49   17.44   17.39   17.34   17.32   17.32   17.32   17.32   17.32   17.32   19.03   21.06   23.08   25.10   27.12   28.81   28.59   28.38   28.16   27.94   27.73   27.75   28.05   28.36   28.66   28.97   29.28   29.78   30.34   30.90   31.46   32.02   32.60   33.60   34.60   35.60   36.60   37.60   38.60   39.60   40.60   41.60   42.60
42.97   41.97   40.97   39.97   38.97   37.97   36.97   35.97   34.97   33.97   32.97   31.97   31.51   31.38   31.24   31.10   30.97   30.83   30.69   30.58   30.54   30.50   30.46   30.42   30.39   30.35   30.31   30.30   30.30   30.30   30.30   30.30   30.30   30.30   30.07   29.25   28.43   27.60   26.78   25.96   25.13   24.31   24.08   23.98   23.87   23.77   23.66   23.56   23.46   23.77   24.77   25.77   26.77   27.77   28.77   29.77   30.77   31.77   32.77   33.77   34.77
48.44   47.44   46.44   45.44   44.44   43.44   42.44   41.44   40.44   39.44   38.96   38.65   38.34   38.04   37.73   37.42   37.12   36.81   36.59   36.47   36.35   36.23   36.11   35.99   35.87   35.75   35.65   35.65   35.65   35.65   35.65   35.65   35.65   35.65   35.65   34.74   33.66   32.58   31.51   30.43   29.36   28.28   27.21   26.67   26.58   26.49   26.40   26.31   26.22   26.13   26.04   26.22   27.22   28.22   29.22   30.22   31.22   32.22   33.22   34.22   35.22
39.60   38.60   37.60   36.60   35.60   34.60   33.60   32.60   31.60   30.60   29.60   28.60   27.60   26.60   26.17   26.17   26.17   26.17   26.17   26.17   26.17   26.17   26.17   26.17   26.17   26.85   28.14   29.44   30.73   32.02   33.32   34.61   35.91   37.20   38.49   39.79   40.41   40.29   40.17   40.05   39.93   39.81   39.69   39.57   39.46   39.34   39.22   39.57   40.57   41.57   42.57   43.57   44.57   45.57   46.57   47.57   48.57   49.57   50.57   51.57   52.57
::