nonGaussian observation error table::
!
! only put comment (using !) in this block
!
# instrument    channel       stdev_from        predictor      cloud proxy
#   atms          ch17        OmF_v3_hydro        sym_cld           ch3
!
! read the parameters for the table:
! max_range     = the range of OmF pdf in x axis
! dx            = dx in x-axis to define the bin for the OmF pdf
! bdy_slope     = the slope of stdev used to extrapolate to large OmF (larger = inflating more for extreme OmF)
! cri_costfn    = define the boundry of the cost-function that are used to estimate the stdev (not used in GSI code)
! num_cloud_cat = the number of cloud amount categories
! cloud_bin     = the boundary of cloud bins (size = num_cloud_cat +1 )
!
max_range      =  30.0
dx             =  1.00
bdy_slope      =  0.5
cri_costfn     =  3.2e-06
num_cloud_cat  =  14
::

cloud_bin::
0.00   0.50   1.00   1.50   2.00   3.00   4.00   5.00   6.00   8.00   10.00   13.00   16.00   20.00   30.00
::

bias::
0.20   0.25   0.35   0.45   0.50   0.72   1.00   1.30   1.58   2.42   2.83   3.58   3.85   4.10
::

stdev::
15.34   14.84   14.34   13.84   13.34   12.84   12.34   11.84   11.34   10.84   10.34   9.84   9.34   8.84   8.34   7.84   7.34   6.84   6.34   5.84   5.34   4.84   4.34   3.84   3.34   2.84   2.32   1.81   1.37   1.09   0.96   1.04   1.24   1.66   2.40   3.21   3.73   4.23   4.73   5.23   5.73   6.23   6.73   7.23   7.73   8.23   8.73   9.23   9.73   10.23   10.73   11.23   11.73   12.23   12.73   13.23   13.73   14.23   14.73   15.23   15.73
15.78   15.28   14.78   14.28   13.78   13.28   12.78   12.28   11.78   11.28   10.78   10.28   9.78   9.28   8.78   8.28   7.78   7.28   6.78   6.28   5.78   5.28   4.78   4.28   3.78   3.28   2.44   1.73   1.36   1.21   1.29   1.13   1.40   1.80   2.47   3.13   3.42   3.55   4.05   4.55   5.05   5.55   6.05   6.55   7.05   7.55   8.05   8.55   9.05   9.55   10.05   10.55   11.05   11.55   12.05   12.55   13.05   13.55   14.05   14.55   15.05
15.45   14.95   14.45   13.95   13.45   12.95   12.45   11.95   11.45   10.95   10.45   9.95   9.45   8.95   8.45   7.95   7.45   6.95   6.45   5.95   5.45   4.95   4.45   3.95   3.45   2.95   2.34   1.84   1.57   1.44   1.45   1.46   1.68   1.96   2.39   2.91   3.34   3.59   3.97   4.47   4.97   5.47   5.97   6.47   6.97   7.47   7.97   8.47   8.97   9.47   9.97   10.47   10.97   11.47   11.97   12.47   12.97   13.47   13.97   14.47   14.97
15.49   14.99   14.49   13.99   13.49   12.99   12.49   11.99   11.49   10.99   10.49   9.99   9.49   8.99   8.49   7.99   7.49   6.99   6.49   5.99   5.49   4.99   4.49   3.99   3.49   2.99   2.43   2.04   1.81   1.73   1.71   1.77   1.91   2.17   2.54   2.89   3.20   3.48   3.84   4.34   4.84   5.34   5.84   6.34   6.84   7.34   7.84   8.34   8.84   9.34   9.84   10.34   10.84   11.34   11.84   12.34   12.84   13.34   13.84   14.34   14.84
16.06   15.56   15.06   14.56   14.06   13.56   13.06   12.56   12.06   11.56   11.06   10.56   10.06   9.56   9.06   8.56   8.06   7.56   7.06   6.56   6.06   5.56   5.06   4.56   4.00   3.41   2.87   2.37   1.96   1.66   1.54   1.66   1.87   2.16   2.61   3.15   3.67   4.11   4.42   4.64   4.99   5.49   5.99   6.49   6.99   7.49   7.99   8.49   8.99   9.49   9.99   10.49   10.99   11.49   11.99   12.49   12.99   13.49   13.99   14.49   14.99
16.17   15.67   15.17   14.67   14.17   13.67   13.17   12.67   12.17   11.67   11.17   10.67   10.17   9.67   9.17   8.67   8.17   7.67   7.17   6.67   6.17   5.67   5.17   4.49   3.92   3.45   3.07   2.73   2.42   2.21   2.15   2.12   1.99   2.22   2.59   3.08   3.83   4.65   5.51   6.07   6.31   6.39   6.89   7.39   7.89   8.39   8.89   9.39   9.89   10.39   10.89   11.39   11.89   12.39   12.89   13.39   13.89   14.39   14.89   15.39   15.89
16.65   16.15   15.65   15.15   14.65   14.15   13.65   13.15   12.65   12.15   11.65   11.15   10.65   10.15   9.65   9.15   8.65   8.15   7.65   7.15   6.65   6.15   5.41   4.67   4.15   3.63   3.36   3.09   3.24   3.39   3.39   3.39   2.91   2.43   2.79   3.14   3.64   4.14   4.90   5.66   6.54   7.42   7.92   8.42   8.92   9.42   9.92   10.42   10.92   11.42   11.92   12.42   12.92   13.42   13.92   14.42   14.92   15.42   15.92   16.42   16.92
17.76   17.26   16.76   16.26   15.76   15.26   14.76   14.26   13.76   13.26   12.76   12.26   11.76   11.26   10.76   10.26   9.76   9.26   8.76   8.14   7.46   6.79   6.18   5.58   5.03   4.54   4.04   3.78   3.54   3.38   3.38   3.38   3.18   2.90   2.69   3.09   3.49   4.05   4.77   5.50   6.02   6.52   7.02   7.52   8.02   8.52   9.02   9.52   10.02   10.52   11.02   11.52   12.02   12.52   13.02   13.52   14.02   14.52   15.02   15.52   16.02
18.65   18.15   17.65   17.15   16.65   16.15   15.65   15.15   14.65   14.15   13.65   13.15   12.65   12.15   11.65   11.15   10.62   9.94   9.26   8.58   7.97   7.36   6.75   6.24   5.74   5.24   4.93   4.71   4.48   4.39   4.39   4.39   4.23   3.87   3.51   3.36   3.76   4.16   4.59   5.28   5.96   6.64   7.15   7.65   8.15   8.65   9.15   9.65   10.15   10.65   11.15   11.65   12.15   12.65   13.15   13.65   14.15   14.65   15.15   15.65   16.15
19.47   18.97   18.47   17.97   17.47   16.97   16.47   15.97   15.47   14.97   14.47   13.97   13.47   12.97   12.43   11.89   11.35   10.80   10.27   9.80   9.34   8.88   8.41   8.02   7.83   7.63   7.43   7.24   7.12   7.12   7.12   7.12   7.12   6.89   6.48   6.07   5.67   5.26   5.39   5.73   6.07   6.41   6.75   7.23   7.73   8.23   8.73   9.23   9.73   10.23   10.73   11.23   11.73   12.23   12.73   13.23   13.73   14.23   14.73   15.23   15.73
20.34   19.84   19.34   18.84   18.34   17.84   17.34   16.84   16.34   15.84   15.34   14.82   14.30   13.77   13.24   12.72   12.20   11.74   11.28   10.83   10.37   9.91   9.57   9.37   9.17   8.98   8.78   8.58   8.54   8.54   8.54   8.54   8.54   8.47   8.05   7.63   7.22   6.80   6.38   6.36   6.69   7.03   7.37   7.70   8.04   8.52   9.02   9.52   10.02   10.52   11.02   11.52   12.02   12.52   13.02   13.52   14.02   14.52   15.02   15.52   16.02
20.80   20.30   19.80   19.30   18.80   18.30   17.80   17.30   16.80   16.30   15.80   15.30   14.80   14.51   14.25   13.99   13.73   13.47   13.21   12.95   12.87   12.85   12.82   12.80   12.78   12.76   12.74   12.73   12.73   12.73   12.73   12.73   12.73   12.73   12.45   11.79   11.13   10.47   9.81   9.15   8.49   8.08   8.34   8.59   8.85   9.10   9.36   9.61   9.89   10.39   10.89   11.39   11.89   12.39   12.89   13.39   13.89   14.39   14.89   15.39   15.89
19.78   19.28   18.78   18.28   18.08   17.88   17.69   17.50   17.31   17.12   16.93   16.75   16.63   16.50   16.38   16.26   16.13   16.01   15.88   15.94   16.15   16.37   16.58   16.79   17.00   17.21   17.42   17.45   17.45   17.45   17.45   17.45   17.45   17.45   17.30   16.25   15.19   14.14   13.09   12.04   10.99   9.94   9.46   9.67   9.89   10.10   10.32   10.53   10.75   10.96   11.39   11.89   12.39   12.89   13.39   13.89   14.39   14.89   15.39   15.89   16.39
19.84   19.34   19.08   18.93   18.78   18.63   18.48   18.33   18.17   18.02   17.92   17.87   17.82   17.77   17.72   17.67   17.62   17.57   17.62   17.90   18.18   18.47   18.75   19.03   19.32   19.60   19.85   19.85   19.85   19.85   19.85   19.85   19.85   19.85   19.85   18.86   17.76   16.66   15.55   14.45   13.35   12.25   11.15   10.86   10.93   11.00   11.06   11.13   11.20   11.26   11.33   11.61   12.11   12.61   13.11   13.61   14.11   14.61   15.11   15.61   16.11
::