nonGaussian observation error table::
!
! only put comment (using !) in this block
!
# instrument    channel       stdev_from        predictor      cloud proxy
#   atms          ch5        OmF_v3_hydro        sym_cld           ch3
!
! read the parameters for the table:
! max_range     = the range of OmF pdf in x axis
! dx            = dx in x-axis to define the bin for the OmF pdf
! bdy_slope     = the slope of stdev used to extrapolate to large OmF (larger = inflating more for extreme OmF)
! cri_costfn    = define the boundry of the cost-function that are used to estimate the stdev (not used in GSI code)
! num_cloud_cat = the number of cloud amount categories
! cloud_bin     = the boundary of cloud bins (size = num_cloud_cat +1 )
!
max_range      =  8.0
dx             =  0.50
bdy_slope      =  0.5
cri_costfn     =  3.2e-06
num_cloud_cat  =  14
::

cloud_bin::
0.00   0.50   1.00   1.50   2.00   3.00   4.00   5.00   6.00   8.00   10.00   13.00   16.00   20.00   30.00
::

bias::
-0.25   -0.25   -0.05   0.08   0.08   0.12   0.15   0.20   0.22   0.32   0.38   -0.45   0.47   0.68
::

stdev::
4.34   4.09   3.84   3.59   3.34   3.09   2.84   2.59   2.34   2.09   1.84   1.59   1.31   0.76   0.41   0.21   0.19   0.30   0.55   0.80   1.05   1.30   1.55   1.80   2.05   2.30   2.55   2.80   3.05   3.30   3.55   3.80   4.05
4.15   3.90   3.65   3.40   3.15   2.90   2.65   2.40   2.15   1.90   1.65   1.40   1.15   0.80   0.38   0.26   0.27   0.29   0.50   0.75   1.00   1.25   1.50   1.75   2.00   2.25   2.50   2.75   3.00   3.25   3.50   3.75   4.00
4.34   4.09   3.84   3.59   3.34   3.09   2.84   2.59   2.34   2.09   1.84   1.59   1.23   0.77   0.48   0.36   0.31   0.27   0.41   0.66   0.91   1.16   1.41   1.66   1.91   2.16   2.41   2.66   2.91   3.16   3.41   3.66   3.91
4.26   4.01   3.76   3.51   3.26   3.01   2.76   2.51   2.26   2.01   1.76   1.51   1.36   0.76   0.53   0.49   0.38   0.30   0.36   0.59   0.84   1.09   1.34   1.59   1.84   2.09   2.34   2.59   2.84   3.09   3.34   3.59   3.84
4.49   4.24   3.99   3.74   3.49   3.24   2.99   2.74   2.49   2.24   1.99   1.74   1.07   0.75   0.61   0.51   0.44   0.44   0.43   0.54   0.79   1.04   1.29   1.54   1.79   2.04   2.29   2.54   2.79   3.04   3.29   3.54   3.79
4.17   3.92   3.67   3.42   3.17   2.92   2.67   2.42   2.17   1.92   1.67   1.42   1.02   0.78   0.67   0.62   0.59   0.57   0.56   0.61   0.75   1.00   1.25   1.50   1.75   2.00   2.25   2.50   2.75   3.00   3.25   3.50   3.75
3.98   3.73   3.48   3.23   2.98   2.73   2.48   2.23   1.98   1.73   1.48   1.23   1.02   0.88   0.78   0.69   0.62   0.73   0.69   0.71   0.77   0.94   1.19   1.44   1.69   1.94   2.19   2.44   2.69   2.94   3.19   3.44   3.69
4.06   3.81   3.56   3.31   3.06   2.81   2.56   2.31   2.06   1.81   1.56   1.26   1.07   0.95   0.85   0.80   0.79   0.75   0.77   0.83   0.90   0.99   1.21   1.46   1.71   1.96   2.21   2.46   2.71   2.96   3.21   3.46   3.71
4.07   3.82   3.57   3.32   3.07   2.82   2.57   2.32   2.07   1.82   1.59   1.39   1.21   1.05   0.93   0.87   0.86   0.77   0.81   0.99   1.15   1.18   1.20   1.34   1.59   1.84   2.09   2.34   2.59   2.84   3.09   3.34   3.59
4.07   3.82   3.57   3.32   3.07   2.82   2.57   2.32   2.07   1.82   1.60   1.46   1.34   1.26   1.20   1.19   1.19   1.13   0.99   1.08   1.18   1.29   1.43   1.58   1.71   1.91   2.16   2.41   2.66   2.91   3.16   3.41   3.66
3.95   3.70   3.45   3.20   2.95   2.70   2.45   2.20   1.97   1.80   1.67   1.57   1.51   1.47   1.48   1.60   1.63   1.53   1.14   1.15   1.30   1.46   1.65   1.86   2.08   2.34   2.60   2.85   3.10   3.35   3.60   3.85   4.10
3.89   3.64   3.39   3.14   2.89   2.64   2.39   2.14   1.89   1.70   1.52   1.36   1.22   1.09   1.06   1.06   1.34   1.63   1.61   1.62   1.71   1.80   1.90   2.03   2.16   2.34   2.54   2.79   3.04   3.29   3.54   3.79   4.04
3.82   3.57   3.32   3.07   2.82   2.57   2.32   2.07   1.92   1.85   1.80   1.77   1.75   1.73   1.76   1.81   1.81   1.80   1.54   1.33   1.39   1.47   1.56   1.67   1.81   2.00   2.25   2.50   2.75   3.00   3.25   3.50   3.75
4.09   3.84   3.59   3.34   3.09   2.84   2.59   2.34   2.09   1.84   1.75   1.70   1.67   1.76   1.85   1.90   1.90   1.90   1.74   1.49   1.24   1.39   1.57   1.77   2.05   2.34   2.73   3.20   3.68   4.84   6.11   7.19   7.19
::