nonGaussian observation error table::
!
! only put comment (using !) in this block
!
# instrument    channel       stdev_from        predictor      cloud proxy
#   atms          ch16        OmF_v3_hydro        sym_cld           ch3
!
! read the parameters for the table:
! max_range     = the range of OmF pdf in x axis
! dx            = dx in x-axis to define the bin for the OmF pdf
! bdy_slope     = the slope of stdev used to extrapolate to large OmF (larger = inflating more for extreme OmF)
! cri_costfn    = define the boundry of the cost-function that are used to estimate the stdev (not used in GSI code)
! num_cloud_cat = the number of cloud amount categories
! cloud_bin     = the boundary of cloud bins (size = num_cloud_cat +1 )
!
max_range      =  60.0
dx             =  2.00
bdy_slope      =  0.5
cri_costfn     =  3.2e-06
num_cloud_cat  =  14
::

cloud_bin::
0.00   0.50   1.00   1.50   2.00   3.00   4.00   5.00   6.00   8.00   10.00   13.00   16.00   20.00   30.00
::

bias::
-0.60   -0.28   1.20   1.72   3.12   2.70   3.45   4.12   4.35   5.77   2.05   2.48   2.52   3.02
::

stdev::
29.21   28.21   27.21   26.21   25.21   24.21   23.21   22.21   21.21   20.21   19.21   18.21   17.21   16.21   15.21   14.21   13.21   12.21   11.21   10.21   9.21   8.21   7.21   6.21   5.21   4.21   3.21   2.21   1.76   1.86   1.84   2.10   2.37   2.94   3.94   4.94   5.94   6.94   7.94   8.94   9.94   10.94   11.94   12.94   13.94   14.94   15.94   16.94   17.94   18.94   19.94   20.94   21.94   22.94   23.94   24.94   25.94   26.94   27.94   28.94   29.94
29.16   28.16   27.16   26.16   25.16   24.16   23.16   22.16   21.16   20.16   19.16   18.16   17.16   16.16   15.16   14.16   13.16   12.16   11.16   10.16   9.16   8.16   7.16   6.16   5.16   4.16   3.16   2.59   2.56   2.48   2.71   2.72   2.85   3.12   3.69   4.69   5.69   6.69   7.69   8.69   9.69   10.69   11.69   12.69   13.69   14.69   15.69   16.69   17.69   18.69   19.69   20.69   21.69   22.69   23.69   24.69   25.69   26.69   27.69   28.69   29.69
29.18   28.18   27.18   26.18   25.18   24.18   23.18   22.18   21.18   20.18   19.18   18.18   17.18   16.18   15.18   14.18   13.18   12.18   11.18   10.18   9.18   8.18   7.18   6.18   5.18   4.18   3.51   4.50   4.31   3.46   2.78   3.54   3.08   3.23   3.50   4.12   5.12   6.12   7.12   8.12   9.12   10.12   11.12   12.12   13.12   14.12   15.12   16.12   17.12   18.12   19.12   20.12   21.12   22.12   23.12   24.12   25.12   26.12   27.12   28.12   29.12
29.89   28.89   27.89   26.89   25.89   24.89   23.89   22.89   21.89   20.89   19.89   18.89   17.89   16.89   15.89   14.89   13.89   12.89   11.89   10.89   9.89   8.89   7.89   6.89   5.89   4.89   5.37   5.52   4.85   4.19   3.54   3.73   4.34   4.12   4.08   4.11   4.72   5.72   6.72   7.72   8.72   9.72   10.72   11.72   12.72   13.72   14.72   15.72   16.72   17.72   18.72   19.72   20.72   21.72   22.72   23.72   24.72   25.72   26.72   27.72   28.72
31.05   30.05   29.05   28.05   27.05   26.05   25.05   24.05   23.05   22.05   21.05   20.05   19.05   18.05   17.05   16.05   15.05   14.05   13.05   12.05   11.05   10.05   9.05   8.05   7.05   6.39   6.41   6.20   5.88   5.60   5.46   5.80   4.69   4.51   4.66   4.74   4.82   4.98   5.83   6.83   7.83   8.83   9.83   10.83   11.83   12.83   13.83   14.83   15.83   16.83   17.83   18.83   19.83   20.83   21.83   22.83   23.83   24.83   25.83   26.83   27.83
31.18   30.18   29.18   28.18   27.18   26.18   25.18   24.18   23.18   22.18   21.18   20.18   19.18   18.18   17.18   16.18   15.18   14.18   13.18   12.18   11.18   10.18   9.18   8.18   7.18   6.96   6.88   6.79   6.69   6.56   6.32   6.17   6.95   6.91   6.69   6.57   6.49   6.42   6.35   6.77   7.77   8.77   9.77   10.77   11.77   12.77   13.77   14.77   15.77   16.77   17.77   18.77   19.77   20.77   21.77   22.77   23.77   24.77   25.77   26.77   27.77
31.63   30.63   29.63   28.63   27.63   26.63   25.63   24.63   23.63   22.63   21.63   20.63   19.63   18.63   17.63   16.63   15.63   14.63   13.63   12.63   11.63   10.63   9.63   8.63   7.91   7.77   7.63   7.48   7.33   7.14   6.84   6.64   6.96   7.92   7.40   7.19   7.04   6.92   6.81   7.13   8.13   9.13   10.13   11.13   12.13   13.13   14.13   15.13   16.13   17.13   18.13   19.13   20.13   21.13   22.13   23.13   24.13   25.13   26.13   27.13   28.13
32.21   31.21   30.21   29.21   28.21   27.21   26.21   25.21   24.21   23.21   22.21   21.21   20.21   19.21   18.21   17.21   16.21   15.21   14.21   13.21   12.21   11.21   10.21   9.21   8.39   8.35   8.32   8.30   8.28   8.30   8.41   8.52   8.52   7.78   7.50   7.59   7.60   7.59   7.58   7.56   7.53   8.21   9.21   10.21   11.21   12.21   13.21   14.21   15.21   16.21   17.21   18.21   19.21   20.21   21.21   22.21   23.21   24.21   25.21   26.21   27.21
32.82   31.82   30.82   29.82   28.82   27.82   26.82   25.82   24.82   23.82   22.82   21.82   20.82   19.82   18.82   17.82   16.82   15.82   14.82   13.82   12.82   11.82   10.82   9.82   9.28   9.15   9.03   8.91   8.78   8.64   8.45   8.30   8.30   8.57   8.69   8.47   8.33   8.22   8.13   8.04   7.96   8.01   9.01   10.01   11.01   12.01   13.01   14.01   15.01   16.01   17.01   18.01   19.01   20.01   21.01   22.01   23.01   24.01   25.01   26.01   27.01
33.70   32.70   31.70   30.70   29.70   28.70   27.70   26.70   25.70   24.70   23.70   22.70   21.70   20.70   19.70   18.70   17.70   16.70   15.70   14.70   13.70   12.70   11.70   10.70   10.44   10.45   10.50   10.56   10.77   10.99   12.14   13.29   13.29   12.95   9.95   7.57   7.89   8.16   8.26   8.33   8.37   8.80   9.80   10.80   11.80   12.80   13.80   14.80   15.80   16.80   17.80   18.80   19.80   20.80   21.80   22.80   23.80   24.80   25.80   26.80   27.80
32.50   31.50   30.50   29.50   28.50   27.50   26.50   25.50   24.50   23.50   22.50   21.50   20.50   19.50   18.50   17.50   16.50   15.50   14.50   13.50   12.50   11.50   10.50   9.67   9.65   9.62   9.56   9.49   9.29   9.11   9.11   9.11   10.16   11.23   11.02   10.70   10.59   10.51   10.47   10.44   10.42   10.41   11.13   12.13   13.13   14.13   15.13   16.13   17.13   18.13   19.13   20.13   21.13   22.13   23.13   24.13   25.13   26.13   27.13   28.13   29.13
32.16   31.16   30.16   29.16   28.16   27.16   26.16   25.16   24.16   23.16   22.16   21.16   20.16   19.16   18.16   17.16   16.16   15.16   14.16   13.16   12.16   11.16   10.74   10.62   10.50   10.36   10.23   10.04   9.82   9.66   9.66   9.66   10.16   10.82   11.25   11.09   10.93   10.89   10.88   10.89   10.91   10.94   11.80   12.80   13.80   14.80   15.80   16.80   17.80   18.80   19.80   20.80   21.80   22.80   23.80   24.80   25.80   26.80   27.80   28.80   29.80
30.91   29.91   28.91   27.91   26.91   25.91   24.91   23.91   22.91   21.91   20.91   19.91   18.91   17.91   16.91   15.91   14.91   13.91   12.91   11.91   10.91   9.91   9.76   9.78   9.80   9.83   9.86   9.92   9.98   10.03   10.03   10.03   9.91   9.75   9.65   9.80   9.95   10.12   10.30   10.49   10.72   10.94   11.66   12.66   13.66   14.66   15.66   16.66   17.66   18.66   19.66   20.66   21.66   22.66   23.66   24.66   25.66   26.66   27.66   28.66   29.66
31.48   30.48   29.48   28.48   27.48   26.48   25.48   24.48   23.48   22.48   21.48   20.48   19.48   18.48   17.48   16.48   15.48   14.48   13.48   12.48   11.48   10.48   9.48   8.94   8.76   8.58   8.61   8.83   9.04   9.14   9.14   9.14   8.84   8.24   7.63   7.50   7.93   8.36   9.04   10.04   11.04   12.04   13.04   14.04   15.04   16.04   17.04   18.04   19.04   20.04   21.04   22.04   23.04   24.04   25.04   26.04   27.04   28.04   29.04   30.04   31.04
::