nonGaussian observation error table::
!
! only put comment (using !) in this block
!
# instrument    channel       stdev_from        predictor      cloud proxy
#   atms          ch1        OmF_v3_hydro        sym_cld           clw
!
! read the parameters for the table:
! max_range     = the range of OmF pdf in x axis
! dx            = dx in x-axis to define the bin for the OmF pdf
! bdy_slope     = the slope of stdev used to extrapolate to large OmF (larger = inflating more for extreme OmF)
! cri_costfn    = define the boundry of the cost-function that are used to estimate the stdev (not used in GSI code)
! num_cloud_cat = the number of cloud amount categories
! cloud_bin     = the boundary of cloud bins (size = num_cloud_cat +1 )
!
max_range      =  60.0
dx             =  2.00
bdy_slope      =  0.5
cri_costfn     =  3.2e-06
num_cloud_cat  =  14
::

cloud_bin::
0.00   0.03   0.05   0.07   0.10   0.15   0.20   0.25   0.30   0.35   0.40   0.50   0.60   0.80   1.00
::

bias::
-0.20   0.22   0.83   1.12   2.50   2.85   1.52   -2.17   -2.85   -3.43   -3.50   -4.47   -5.03   -7.70
::

stdev::
29.54   28.54   27.54   26.54   25.54   24.54   23.54   22.54   21.54   20.54   19.54   18.54   17.54   16.54   15.54   14.54   13.54   12.54   11.54   10.54   9.54   8.54   7.54   6.54   5.54   4.54   3.54   2.60   2.23   1.97   1.85   1.90   2.22   2.89   3.89   4.89   5.89   6.89   7.89   8.89   9.89   10.89   11.89   12.89   13.89   14.89   15.89   16.89   17.89   18.89   19.89   20.89   21.89   22.89   23.89   24.89   25.89   26.89   27.89   28.89   29.89
29.73   28.73   27.73   26.73   25.73   24.73   23.73   22.73   21.73   20.73   19.73   18.73   17.73   16.73   15.73   14.73   13.73   12.73   11.73   10.73   9.73   8.73   7.73   6.73   5.73   4.73   3.73   2.95   2.55   2.31   2.60   2.07   2.41   2.88   3.72   4.72   5.72   6.72   7.72   8.72   9.72   10.72   11.72   12.72   13.72   14.72   15.72   16.72   17.72   18.72   19.72   20.72   21.72   22.72   23.72   24.72   25.72   26.72   27.72   28.72   29.72
29.97   28.97   27.97   26.97   25.97   24.97   23.97   22.97   21.97   20.97   19.97   18.97   17.97   16.97   15.97   14.97   13.97   12.97   11.97   10.97   9.97   8.97   7.97   6.97   5.97   4.97   3.97   3.37   3.04   2.84   3.19   2.18   2.52   2.90   3.48   4.48   5.48   6.48   7.48   8.48   9.48   10.48   11.48   12.48   13.48   14.48   15.48   16.48   17.48   18.48   19.48   20.48   21.48   22.48   23.48   24.48   25.48   26.48   27.48   28.48   29.48
30.17   29.17   28.17   27.17   26.17   25.17   24.17   23.17   22.17   21.17   20.17   19.17   18.17   17.17   16.17   15.17   14.17   13.17   12.17   11.17   10.17   9.17   8.17   7.17   6.17   5.17   4.17   3.74   3.43   3.16   2.85   3.16   2.96   3.18   3.57   4.27   5.27   6.27   7.27   8.27   9.27   10.27   11.27   12.27   13.27   14.27   15.27   16.27   17.27   18.27   19.27   20.27   21.27   22.27   23.27   24.27   25.27   26.27   27.27   28.27   29.27
30.62   29.62   28.62   27.62   26.62   25.62   24.62   23.62   22.62   21.62   20.62   19.62   18.62   17.62   16.62   15.62   14.62   13.62   12.62   11.62   10.62   9.62   8.62   7.62   6.62   5.62   4.82   4.66   4.53   4.45   4.55   5.49   3.31   3.63   3.94   4.34   4.91   5.83   6.83   7.83   8.83   9.83   10.83   11.83   12.83   13.83   14.83   15.83   16.83   17.83   18.83   19.83   20.83   21.83   22.83   23.83   24.83   25.83   26.83   27.83   28.83
30.99   29.99   28.99   27.99   26.99   25.99   24.99   23.99   22.99   21.99   20.99   19.99   18.99   17.99   16.99   15.99   14.99   13.99   12.99   11.99   10.99   9.99   8.99   7.99   6.99   6.19   6.09   6.01   5.94   5.90   5.97   6.05   5.47   5.17   5.32   5.54   5.89   6.36   7.00   7.97   8.97   9.97   10.97   11.97   12.97   13.97   14.97   15.97   16.97   17.97   18.97   19.97   20.97   21.97   22.97   23.97   24.97   25.97   26.97   27.97   28.97
29.66   28.66   27.66   26.66   25.66   24.66   23.66   22.66   21.66   20.66   19.66   18.66   17.66   16.66   15.66   14.66   13.66   12.66   11.66   10.66   9.66   8.66   7.66   6.66   6.69   6.89   7.14   7.51   8.14   9.35   9.64   9.13   6.99   6.79   7.34   7.75   8.15   8.55   8.98   9.46   10.00   11.00   12.00   13.00   14.00   15.00   16.00   17.00   18.00   19.00   20.00   21.00   22.00   23.00   24.00   25.00   26.00   27.00   28.00   29.00   30.00
29.47   28.47   27.47   26.47   25.47   24.47   23.47   22.47   21.47   20.47   19.47   18.47   17.47   16.47   15.47   14.47   13.47   12.47   11.47   10.47   9.47   8.47   7.47   7.11   7.16   7.16   7.09   7.04   7.04   7.18   8.83   10.47   10.42   10.20   10.25   10.40   10.62   10.89   11.21   11.59   12.10   13.10   14.10   15.10   16.10   17.10   18.10   19.10   20.10   21.10   22.10   23.10   24.10   25.10   26.10   27.10   28.10   29.10   30.10   31.10   32.10
30.60   29.60   28.60   27.60   26.60   25.60   24.60   23.60   22.60   21.60   20.60   19.60   18.60   17.60   16.60   15.60   14.60   13.60   12.60   11.60   10.60   9.60   8.60   7.72   7.68   7.64   7.61   7.61   7.61   8.22   9.65   11.08   11.61   11.47   11.32   11.42   11.61   11.79   12.10   12.42   12.76   13.76   14.76   15.76   16.76   17.76   18.76   19.76   20.76   21.76   22.76   23.76   24.76   25.76   26.76   27.76   28.76   29.76   30.76   31.76   32.76
29.53   28.53   27.53   26.53   25.53   24.53   23.53   22.53   21.53   20.53   19.53   18.53   17.53   16.53   15.53   14.53   13.53   12.53   11.53   10.53   9.53   8.53   8.08   8.05   8.02   7.99   7.99   7.99   7.99   8.68   9.64   10.59   11.26   11.21   11.15   11.09   11.27   11.50   11.72   12.28   13.28   14.28   15.28   16.28   17.28   18.28   19.28   20.28   21.28   22.28   23.28   24.28   25.28   26.28   27.28   28.28   29.28   30.28   31.28   32.28   33.28
31.47   30.47   29.47   28.47   27.47   26.47   25.47   24.47   23.47   22.47   21.47   20.47   19.47   18.47   17.47   16.47   15.47   14.47   13.47   12.47   11.47   10.47   10.09   9.93   9.77   9.64   9.64   9.64   9.64   10.88   12.53   14.19   15.30   14.78   14.27   13.76   13.58   13.52   13.45   13.40   13.43   13.45   13.47   14.22   15.22   16.22   17.22   18.22   19.22   20.22   21.22   22.22   23.22   24.22   25.22   26.22   27.22   28.22   29.22   30.22   31.22
30.83   29.83   28.83   27.83   26.83   25.83   24.83   23.83   22.83   21.83   20.83   19.83   18.83   17.83   16.83   15.83   14.83   13.83   12.83   12.01   11.95   11.90   11.85   11.79   11.78   11.78   11.78   11.78   11.96   12.72   13.49   14.25   15.01   15.12   15.01   14.91   14.80   14.74   14.77   14.81   14.85   14.88   15.70   16.70   17.70   18.70   19.70   20.70   21.70   22.70   23.70   24.70   25.70   26.70   27.70   28.70   29.70   30.70   31.70   32.70   33.70
31.86   30.86   29.86   28.86   27.86   26.86   25.86   24.86   23.86   22.86   21.86   20.86   19.86   18.86   17.86   16.86   15.86   14.86   14.41   14.40   14.40   14.39   14.38   14.37   14.37   14.37   14.37   14.37   14.64   15.16   15.68   16.20   16.73   16.98   16.97   16.96   16.94   16.93   16.95   17.01   17.08   17.14   17.21   17.68   18.68   19.68   20.68   21.68   22.68   23.68   24.68   25.68   26.68   27.68   28.68   29.68   30.68   31.68   32.68   33.68   34.68
26.20   25.20   24.20   23.20   22.20   21.20   20.20   19.20   18.20   17.20   16.20   15.51   15.75   15.99   16.22   16.46   16.70   16.94   17.17   17.28   17.28   17.28   17.28   17.28   17.28   17.28   17.28   17.36   17.46   17.56   17.66   17.76   17.86   17.96   18.11   18.52   18.92   19.33   19.73   20.14   20.54   20.95   21.62   22.62   23.62   24.62   25.62   26.62   27.62   28.62   29.62   30.62   31.62   32.62   33.62   34.62   35.62   36.62   37.62   38.62   39.62
::