nonGaussian observation error table::
!
! only put comment (using !) in this block
!
# instrument    channel       stdev_from        predictor      cloud proxy
#   amsua          ch1        OmF_v3_hydro        sym_cld           clw
!
! read the parameters for the table:
! max_range     = the range of OmF pdf in x axis
! dx            = dx in x-axis to define the bin for the OmF pdf
! bdy_slope     = the slope of stdev used to extrapolate to large OmF (larger = inflating more for extreme OmF)
! cri_costfn    = define the boundry of the cost-function that are used to estimate the stdev (not used in GSI code)
! num_cloud_cat = the number of cloud amount categories
! cloud_bin     = the boundary of cloud bins (size = num_cloud_cat +1 )
!
max_range      =  60.0
dx             =  2.00
bdy_slope      =  0.5
cri_costfn     =  3.2e-06
num_cloud_cat  =  14
::

cloud_bin::
0.00   0.03   0.05   0.07   0.10   0.15   0.20   0.25   0.30   0.35   0.40   0.50   0.60   0.80   1.00
::

bias::
-0.20   -0.23   0.28   1.12   2.37   0.93   1.48   2.10   2.77   3.33   -3.45   -4.53   -4.97   -7.03
::

stdev::
29.59   28.59   27.59   26.59   25.59   24.59   23.59   22.59   21.59   20.59   19.59   18.59   17.59   16.59   15.59   14.59   13.59   12.59   11.59   10.59   9.59   8.59   7.59   6.59   5.59   4.59   3.59   2.71   2.27   2.04   1.99   1.99   2.29   2.76   3.76   4.76   5.76   6.76   7.76   8.76   9.76   10.76   11.76   12.76   13.76   14.76   15.76   16.76   17.76   18.76   19.76   20.76   21.76   22.76   23.76   24.76   25.76   26.76   27.76   28.76   29.76
29.71   28.71   27.71   26.71   25.71   24.71   23.71   22.71   21.71   20.71   19.71   18.71   17.71   16.71   15.71   14.71   13.71   12.71   11.71   10.71   9.71   8.71   7.71   6.71   5.71   4.71   3.71   2.91   2.48   2.15   2.29   2.40   2.59   2.90   3.61   4.61   5.61   6.61   7.61   8.61   9.61   10.61   11.61   12.61   13.61   14.61   15.61   16.61   17.61   18.61   19.61   20.61   21.61   22.61   23.61   24.61   25.61   26.61   27.61   28.61   29.61
29.83   28.83   27.83   26.83   25.83   24.83   23.83   22.83   21.83   20.83   19.83   18.83   17.83   16.83   15.83   14.83   13.83   12.83   11.83   10.83   9.83   8.83   7.83   6.83   5.83   4.83   3.83   3.23   2.90   2.64   2.36   2.70   2.88   3.15   3.54   4.54   5.54   6.54   7.54   8.54   9.54   10.54   11.54   12.54   13.54   14.54   15.54   16.54   17.54   18.54   19.54   20.54   21.54   22.54   23.54   24.54   25.54   26.54   27.54   28.54   29.54
30.24   29.24   28.24   27.24   26.24   25.24   24.24   23.24   22.24   21.24   20.24   19.24   18.24   17.24   16.24   15.24   14.24   13.24   12.24   11.24   10.24   9.24   8.24   7.24   6.24   5.24   4.24   3.63   3.37   3.16   2.93   3.00   3.06   3.32   3.68   4.22   5.19   6.19   7.19   8.19   9.19   10.19   11.19   12.19   13.19   14.19   15.19   16.19   17.19   18.19   19.19   20.19   21.19   22.19   23.19   24.19   25.19   26.19   27.19   28.19   29.19
30.69   29.69   28.69   27.69   26.69   25.69   24.69   23.69   22.69   21.69   20.69   19.69   18.69   17.69   16.69   15.69   14.69   13.69   12.69   11.69   10.69   9.69   8.69   7.69   6.69   5.69   4.72   4.48   4.28   4.11   3.97   3.94   3.60   3.70   3.97   4.38   5.00   5.92   6.92   7.92   8.92   9.92   10.92   11.92   12.92   13.92   14.92   15.92   16.92   17.92   18.92   19.92   20.92   21.92   22.92   23.92   24.92   25.92   26.92   27.92   28.92
30.24   29.24   28.24   27.24   26.24   25.24   24.24   23.24   22.24   21.24   20.24   19.24   18.24   17.24   16.24   15.24   14.24   13.24   12.24   11.24   10.24   9.24   8.24   7.24   6.24   5.34   5.40   5.45   5.46   5.31   5.15   6.83   7.49   7.14   7.17   7.33   7.56   7.85   8.19   8.72   9.72   10.72   11.72   12.72   13.72   14.72   15.72   16.72   17.72   18.72   19.72   20.72   21.72   22.72   23.72   24.72   25.72   26.72   27.72   28.72   29.72
29.96   28.96   27.96   26.96   25.96   24.96   23.96   22.96   21.96   20.96   19.96   18.96   17.96   16.96   15.96   14.96   13.96   12.96   11.96   10.96   9.96   8.96   7.96   6.96   6.66   6.76   6.86   6.95   7.01   7.00   6.99   7.29   8.43   8.65   8.68   8.84   9.06   9.31   9.59   9.92   10.29   10.69   11.66   12.66   13.66   14.66   15.66   16.66   17.66   18.66   19.66   20.66   21.66   22.66   23.66   24.66   25.66   26.66   27.66   28.66   29.66
30.63   29.63   28.63   27.63   26.63   25.63   24.63   23.63   22.63   21.63   20.63   19.63   18.63   17.63   16.63   15.63   14.63   13.63   12.63   11.63   10.63   9.63   8.63   8.04   8.19   8.36   8.56   8.77   9.11   9.42   9.42   9.42   9.24   9.06   9.35   9.72   10.06   10.39   10.75   11.13   11.54   11.99   12.68   13.68   14.68   15.68   16.68   17.68   18.68   19.68   20.68   21.68   22.68   23.68   24.68   25.68   26.68   27.68   28.68   29.68   30.68
32.60   31.60   30.60   29.60   28.60   27.60   26.60   25.60   24.60   23.60   22.60   21.60   20.60   19.60   18.60   17.60   16.60   15.60   14.60   13.60   12.60   11.60   10.60   9.60   9.80   10.07   10.41   11.07   11.72   12.13   12.13   12.13   11.57   10.65   9.74   10.01   10.52   11.03   11.47   11.92   12.38   12.90   13.41   14.17   15.17   16.17   17.17   18.17   19.17   20.17   21.17   22.17   23.17   24.17   25.17   26.17   27.17   28.17   29.17   30.17   31.17
32.02   31.02   30.02   29.02   28.02   27.02   26.02   25.02   24.02   23.02   22.02   21.02   20.02   19.02   18.02   17.02   16.02   15.02   14.02   13.02   12.02   11.02   10.42   10.72   11.01   11.31   12.11   12.91   13.72   13.99   13.99   13.99   13.58   12.37   11.15   9.95   10.46   10.97   11.47   11.93   12.37   12.81   13.45   14.45   15.45   16.45   17.45   18.45   19.45   20.45   21.45   22.45   23.45   24.45   25.45   26.45   27.45   28.45   29.45   30.45   31.45
31.46   30.46   29.46   28.46   27.46   26.46   25.46   24.46   23.46   22.46   21.46   20.46   19.46   18.46   17.46   16.46   15.46   14.46   13.46   12.46   11.46   10.46   10.02   9.91   9.81   9.73   9.73   9.73   9.73   11.20   13.24   15.27   16.63   16.20   15.77   15.34   15.35   15.47   15.58   15.75   16.02   16.29   16.56   17.51   18.51   19.51   20.51   21.51   22.51   23.51   24.51   25.51   26.51   27.51   28.51   29.51   30.51   31.51   32.51   33.51   34.51
30.06   29.06   28.06   27.06   26.06   25.06   24.06   23.06   22.06   21.06   20.06   19.06   18.06   17.06   16.06   15.06   14.06   13.06   12.06   11.36   11.32   11.28   11.25   11.21   11.20   11.20   11.20   11.20   11.55   12.89   14.22   15.56   16.90   17.16   17.03   16.90   16.78   16.71   16.90   17.08   17.26   17.44   18.19   19.19   20.19   21.19   22.19   23.19   24.19   25.19   26.19   27.19   28.19   29.19   30.19   31.19   32.19   33.19   34.19   35.19   36.19
31.52   30.52   29.52   28.52   27.52   26.52   25.52   24.52   23.52   22.52   21.52   20.52   19.52   18.52   17.52   16.52   15.52   14.52   13.90   13.76   13.62   13.48   13.33   13.26   13.26   13.26   13.26   13.26   14.06   15.72   17.37   19.02   20.68   21.24   20.78   20.31   19.84   19.37   19.14   19.11   19.08   19.05   19.02   19.57   20.57   21.57   22.57   23.57   24.57   25.57   26.57   27.57   28.57   29.57   30.57   31.57   32.57   33.57   34.57   35.57   36.57
29.92   28.92   27.92   26.92   25.92   24.92   23.92   22.92   21.92   20.92   19.92   18.92   17.92   17.38   17.18   16.98   16.79   16.59   16.40   16.20   16.11   16.11   16.11   16.11   16.11   16.11   16.11   16.89   18.42   19.94   21.46   22.99   24.51   26.04   26.52   25.91   25.29   24.68   24.07   23.46   22.85   22.45   22.32   22.18   22.05   21.91   21.77   21.64   22.00   23.00   24.00   25.00   26.00   27.00   28.00   29.00   30.00   31.00   32.00   33.00   34.00
::