nonGaussian observation error table::
!
! only put comment (using !) in this block
!
# instrument    channel       stdev_from        predictor      cloud proxy
#   atms          ch6        OmF_v3_hydro        sym_cld           ch3
!
! read the parameters for the table:
! max_range     = the range of OmF pdf in x axis
! dx            = dx in x-axis to define the bin for the OmF pdf
! bdy_slope     = the slope of stdev used to extrapolate to large OmF (larger = inflating more for extreme OmF)
! cri_costfn    = define the boundry of the cost-function that are used to estimate the stdev (not used in GSI code)
! num_cloud_cat = the number of cloud amount categories
! cloud_bin     = the boundary of cloud bins (size = num_cloud_cat +1 )
!
max_range      =  5.0
dx             =  0.20
bdy_slope      =  0.5
cri_costfn     =  3.2e-06
num_cloud_cat  =  14
::

cloud_bin::
0.00   0.50   1.00   1.50   2.00   3.00   4.00   5.00   6.00   8.00   10.00   13.00   16.00   20.00   30.00
::

bias::
-0.12   -0.07   -0.07   -0.05   -0.05   -0.05   -0.07   -0.10   -0.10   0.17   -0.20   -0.23   -0.22   0.22
::

stdev::
2.43   2.33   2.23   2.13   2.03   1.93   1.83   1.73   1.63   1.53   1.43   1.33   1.23   1.13   1.03   0.93   0.83   0.73   0.63   0.53   0.43   0.36   0.25   0.15   0.10   0.14   0.15   0.20   0.29   0.39   0.49   0.59   0.69   0.79   0.89   0.99   1.09   1.19   1.29   1.39   1.49   1.59   1.69   1.79   1.89   1.99   2.09   2.19   2.29   2.39   2.49
2.42   2.32   2.22   2.12   2.02   1.92   1.82   1.72   1.62   1.52   1.42   1.32   1.22   1.12   1.02   0.92   0.82   0.72   0.62   0.52   0.46   0.42   0.27   0.17   0.14   0.12   0.15   0.20   0.30   0.40   0.50   0.60   0.70   0.80   0.90   1.00   1.10   1.20   1.30   1.40   1.50   1.60   1.70   1.80   1.90   2.00   2.10   2.20   2.30   2.40   2.50
2.47   2.37   2.27   2.17   2.07   1.97   1.87   1.77   1.67   1.57   1.47   1.37   1.27   1.17   1.07   0.97   0.87   0.77   0.67   0.57   0.46   0.42   0.31   0.17   0.15   0.13   0.15   0.20   0.25   0.35   0.45   0.55   0.65   0.75   0.85   0.95   1.05   1.15   1.25   1.35   1.45   1.55   1.65   1.75   1.85   1.95   2.05   2.15   2.25   2.35   2.45
2.42   2.32   2.22   2.12   2.02   1.92   1.82   1.72   1.62   1.52   1.42   1.32   1.22   1.12   1.02   0.92   0.82   0.72   0.62   0.63   0.57   0.43   0.30   0.20   0.16   0.14   0.16   0.21   0.29   0.40   0.50   0.60   0.70   0.80   0.90   1.00   1.10   1.20   1.30   1.40   1.50   1.60   1.70   1.80   1.90   2.00   2.10   2.20   2.30   2.40   2.50
2.45   2.35   2.25   2.15   2.05   1.95   1.85   1.75   1.65   1.55   1.45   1.35   1.25   1.15   1.05   0.95   0.85   0.75   0.67   0.66   0.66   0.49   0.30   0.21   0.16   0.15   0.17   0.22   0.32   0.39   0.49   0.59   0.69   0.79   0.89   0.99   1.09   1.19   1.29   1.39   1.49   1.59   1.69   1.79   1.89   1.99   2.09   2.19   2.29   2.39   2.49
2.68   2.58   2.48   2.38   2.28   2.18   2.08   1.98   1.88   1.78   1.68   1.58   1.48   1.38   1.28   1.18   1.04   0.83   0.70   0.68   0.74   0.56   0.32   0.21   0.19   0.17   0.19   0.24   0.31   0.45   0.67   0.78   0.88   0.98   1.08   1.18   1.28   1.38   1.48   1.58   1.68   1.78   1.88   1.98   2.08   2.18   2.28   2.38   2.48   2.58   2.68
2.27   2.17   2.07   1.97   1.87   1.77   1.67   1.57   1.47   1.37   1.27   1.17   1.07   0.97   0.87   0.80   0.90   0.93   0.93   0.84   0.66   0.48   0.34   0.23   0.17   0.17   0.20   0.26   0.35   0.47   0.67   0.87   0.90   0.98   1.08   1.18   1.28   1.38   1.48   1.58   1.68   1.78   1.88   1.98   2.08   2.18   2.28   2.38   2.48   2.58   2.68
2.84   2.74   2.64   2.54   2.44   2.34   2.24   2.14   2.04   1.94   1.84   1.74   1.64   1.54   1.33   1.08   0.92   0.83   0.79   0.77   0.71   0.54   0.35   0.23   0.19   0.21   0.24   0.28   0.36   0.48   0.61   0.75   0.87   0.97   1.07   1.17   1.27   1.37   1.47   1.57   1.67   1.77   1.87   1.97   2.07   2.17   2.27   2.37   2.47   2.57   2.67
2.50   2.40   2.30   2.20   2.10   2.00   1.90   1.80   1.70   1.79   2.05   2.15   1.99   1.70   1.45   1.27   1.14   1.02   0.93   0.83   0.70   0.52   0.35   0.24   0.20   0.22   0.25   0.30   0.40   0.52   0.65   0.80   0.99   1.21   1.45   1.62   1.73   1.83   1.93   2.03   2.13   2.23   2.33   2.43   2.53   2.63   2.73   2.83   2.93   3.03   3.13
2.59   2.49   2.39   2.29   2.19   2.09   1.99   1.89   1.79   1.79   1.85   1.92   1.98   1.92   1.81   1.61   1.39   1.18   1.00   0.83   0.71   0.60   0.51   0.47   0.46   0.46   0.44   0.34   0.32   0.44   0.61   0.81   0.87   0.93   1.10   1.39   1.89   1.96   1.78   1.84   1.94   2.04   2.14   2.24   2.34   2.44   2.54   2.64   2.74   2.84   2.94
2.78   2.68   2.58   2.48   2.38   2.28   2.18   2.09   1.99   1.93   1.87   1.84   1.80   1.78   1.75   1.59   1.42   1.18   0.93   0.75   0.57   0.46   0.35   0.35   0.35   0.39   0.43   0.46   0.50   0.58   0.67   0.85   1.03   1.32   1.61   1.81   2.02   1.89   1.77   1.68   1.59   1.69   1.79   1.89   1.99   2.09   2.19   2.29   2.39   2.49   2.59
2.12   2.02   1.92   1.82   1.72   1.62   1.56   1.78   2.00   2.13   2.26   2.17   1.95   1.78   1.70   1.60   1.37   1.14   0.92   0.70   0.55   0.45   0.39   0.39   0.39   0.43   0.48   0.51   0.54   0.62   0.73   0.87   1.06   1.27   1.53   1.78   1.86   1.90   1.89   1.85   1.84   1.89   1.95   2.05   2.15   2.25   2.35   2.45   2.55   2.65   2.75
2.42   2.32   2.22   2.12   2.02   1.92   1.84   1.91   1.99   2.04   2.08   2.04   1.95   1.82   1.61   1.40   1.19   0.98   0.82   0.66   0.54   0.44   0.38   0.38   0.39   0.42   0.45   0.52   0.60   0.69   0.79   0.89   0.99   1.10   1.21   1.32   1.43   1.54   1.63   1.71   1.80   1.90   2.00   2.10   2.20   2.30   2.40   2.50   2.60   2.70   2.80
2.64   2.54   2.44   2.34   2.24   2.14   2.04   1.94   1.84   1.74   1.64   1.53   1.43   1.34   1.29   1.23   1.15   1.08   0.98   0.87   0.77   0.67   0.59   0.55   0.52   0.52   0.52   0.48   0.44   0.49   0.59   0.70   0.83   0.95   1.05   1.15   1.21   1.28   1.34   1.39   1.46   1.56   1.66   1.76   1.86   1.96   2.06   2.16   2.26   2.36   2.46
::