nonGaussian observation error table::
!
! only put comment (using !) in this block
!
# instrument    channel       stdev_from        predictor      cloud proxy
#   atms          ch3        OmF_v3_hydro        sym_cld           clw
!
! read the parameters for the table:
! max_range     = the range of OmF pdf in x axis
! dx            = dx in x-axis to define the bin for the OmF pdf
! bdy_slope     = the slope of stdev used to extrapolate to large OmF (larger = inflating more for extreme OmF)
! cri_costfn    = define the boundry of the cost-function that are used to estimate the stdev (not used in GSI code)
! num_cloud_cat = the number of cloud amount categories
! cloud_bin     = the boundary of cloud bins (size = num_cloud_cat +1 )
!
max_range      =  40.0
dx             =  2.00
bdy_slope      =  0.5
cri_costfn     =  3.2e-06
num_cloud_cat  =  14
::

cloud_bin::
0.00   0.03   0.05   0.07   0.10   0.15   0.20   0.25   0.30   0.35   0.40   0.50   0.60   0.80   1.00
::

bias::
0.12   0.18   0.22   0.97   1.28   2.47   1.32   1.85   2.27   2.65   -2.65   -3.03   -2.93   -3.85
::

stdev::
19.71   18.71   17.71   16.71   15.71   14.71   13.71   12.71   11.71   10.71   9.71   8.71   7.71   6.71   5.71   4.71   3.71   2.71   1.71   1.23   0.97   1.22   1.78   2.75   3.75   4.75   5.75   6.75   7.75   8.75   9.75   10.75   11.75   12.75   13.75   14.75   15.75   16.75   17.75   18.75   19.75
19.80   18.80   17.80   16.80   15.80   14.80   13.80   12.80   11.80   10.80   9.80   8.80   7.80   6.80   5.80   4.80   3.80   2.80   1.95   1.64   2.03   1.74   2.05   2.47   3.47   4.47   5.47   6.47   7.47   8.47   9.47   10.47   11.47   12.47   13.47   14.47   15.47   16.47   17.47   18.47   19.47
19.78   18.78   17.78   16.78   15.78   14.78   13.78   12.78   11.78   10.78   9.78   8.78   7.78   6.78   5.78   4.78   3.78   2.80   2.41   2.15   1.99   2.23   2.44   2.71   3.40   4.40   5.40   6.40   7.40   8.40   9.40   10.40   11.40   12.40   13.40   14.40   15.40   16.40   17.40   18.40   19.40
19.97   18.97   17.97   16.97   15.97   14.97   13.97   12.97   11.97   10.97   9.97   8.97   7.97   6.97   5.97   4.97   3.97   3.29   3.13   3.03   3.47   2.35   2.73   2.97   3.23   4.18   5.18   6.18   7.18   8.18   9.18   10.18   11.18   12.18   13.18   14.18   15.18   16.18   17.18   18.18   19.18
20.09   19.09   18.09   17.09   16.09   15.09   14.09   13.09   12.09   11.09   10.09   9.09   8.09   7.09   6.09   5.09   4.12   4.03   3.95   3.88   3.87   3.69   3.81   3.91   4.02   4.13   4.86   5.86   6.86   7.86   8.86   9.86   10.86   11.86   12.86   13.86   14.86   15.86   16.86   17.86   18.86
20.29   19.29   18.29   17.29   16.29   15.29   14.29   13.29   12.29   11.29   10.29   9.29   8.29   7.29   6.29   5.65   5.64   5.64   5.66   5.74   6.10   6.36   4.84   4.99   5.07   5.10   5.11   5.11   6.09   7.09   8.09   9.09   10.09   11.09   12.09   13.09   14.09   15.09   16.09   17.09   18.09
20.57   19.57   18.57   17.57   16.57   15.57   14.57   13.57   12.57   11.57   10.57   9.57   8.57   7.57   6.57   6.53   6.53   6.52   6.49   6.37   6.33   6.55   7.20   7.04   6.96   6.94   6.93   6.93   6.94   7.33   8.33   9.33   10.33   11.33   12.33   13.33   14.33   15.33   16.33   17.33   18.33
21.18   20.18   19.18   18.18   17.18   16.18   15.18   14.18   13.18   12.18   11.18   10.18   9.18   8.18   7.69   7.75   7.85   7.95   8.18   8.45   8.47   8.42   7.75   7.27   7.47   7.62   7.72   7.81   7.88   8.58   9.58   10.58   11.58   12.58   13.58   14.58   15.58   16.58   17.58   18.58   19.58
20.20   19.20   18.20   17.20   16.20   15.20   14.20   13.20   12.20   11.20   10.20   9.20   8.20   8.28   8.40   8.56   8.74   9.05   9.54   9.97   9.97   9.97   9.06   8.01   7.75   8.04   8.29   8.46   8.63   8.77   8.91   9.71   10.71   11.71   12.71   13.71   14.71   15.71   16.71   17.71   18.71
22.48   21.48   20.48   19.48   18.48   17.48   16.48   15.48   14.48   13.48   12.48   11.48   10.48   9.48   9.19   9.34   9.48   9.91   10.35   10.65   10.65   10.65   9.93   8.86   7.83   8.06   8.30   8.49   8.60   8.71   9.47   10.47   11.47   12.47   13.47   14.47   15.47   16.47   17.47   18.47   19.47
19.12   18.12   17.12   16.12   15.12   14.12   13.12   12.12   11.12   10.12   9.12   8.38   8.33   8.28   8.13   7.91   7.69   7.69   7.69   8.44   10.76   13.09   13.26   12.39   11.55   11.42   11.29   11.20   11.20   11.19   11.92   12.92   13.92   14.92   15.92   16.92   17.92   18.92   19.92   20.92   21.92
20.98   19.98   18.98   17.98   16.98   15.98   14.98   13.98   12.98   11.98   10.98   9.98   8.98   8.50   8.40   8.31   8.27   8.27   8.27   8.97   10.33   11.70   12.26   12.00   11.74   11.61   11.66   11.71   11.79   11.92   12.04   12.53   13.53   14.53   15.53   16.53   17.53   18.53   19.53   20.53   21.53
18.10   17.10   16.10   15.10   14.10   13.10   12.10   11.10   10.10   9.10   8.36   8.42   8.49   8.53   8.52   8.51   8.51   8.51   8.51   8.98   9.98   10.99   11.44   11.43   11.41   11.51   11.68   11.85   12.08   12.34   12.60   13.42   14.42   15.42   16.42   17.42   18.42   19.42   20.42   21.42   22.42
18.40   17.40   16.40   15.40   14.40   13.40   12.40   11.40   10.40   9.40   8.40   8.03   8.04   8.06   8.07   8.08   8.08   8.08   8.08   9.04   10.08   11.12   12.09   12.14   12.19   12.24   12.35   12.65   12.96   13.27   13.83   14.83   15.83   16.83   17.83   18.83   19.83   20.83   21.83   22.83   23.83
::