nonGaussian observation error table::
!
! only put comment (using !) in this block
!
# instrument    channel       stdev_from        predictor      cloud proxy
#   atms          ch4        OmF_v3_hydro        sym_cld           ch3
!
! read the parameters for the table:
! max_range     = the range of OmF pdf in x axis
! dx            = dx in x-axis to define the bin for the OmF pdf
! bdy_slope     = the slope of stdev used to extrapolate to large OmF (larger = inflating more for extreme OmF)
! cri_costfn    = define the boundry of the cost-function that are used to estimate the stdev (not used in GSI code)
! num_cloud_cat = the number of cloud amount categories
! cloud_bin     = the boundary of cloud bins (size = num_cloud_cat +1 )
!
max_range      =  15.0
dx             =  0.50
bdy_slope      =  0.5
cri_costfn     =  3.2e-06
num_cloud_cat  =  14
::

cloud_bin::
0.00   0.50   1.00   1.50   2.00   3.00   4.00   5.00   6.00   8.00   10.00   13.00   16.00   20.00   30.00
::

bias::
-0.38   0.10   0.38   0.88   1.58   1.75   1.75   1.42   1.65   0.82   1.00   1.30   -1.42   -1.88
::

stdev::
7.99   7.74   7.49   7.24   6.99   6.74   6.49   6.24   5.99   5.74   5.49   5.24   4.99   4.74   4.49   4.24   3.99   3.74   3.49   3.24   2.99   2.74   2.49   2.24   1.97   1.48   0.92   0.57   0.44   0.50   0.35   0.37   0.47   0.72   0.97   1.22   1.47   1.72   1.97   2.22   2.47   2.72   2.97   3.22   3.47   3.72   3.97   4.22   4.47   4.72   4.97   5.22   5.47   5.72   5.97   6.22   6.47   6.72   6.97   7.22   7.47
8.03   7.78   7.53   7.28   7.03   6.78   6.53   6.28   6.03   5.78   5.53   5.28   5.03   4.78   4.53   4.28   4.03   3.78   3.53   3.28   3.03   2.78   2.53   2.28   1.97   1.17   0.86   0.86   1.12   1.06   0.53   0.36   0.36   0.56   0.81   1.06   1.31   1.56   1.81   2.06   2.31   2.56   2.81   3.06   3.31   3.56   3.81   4.06   4.31   4.56   4.81   5.06   5.31   5.56   5.81   6.06   6.31   6.56   6.81   7.06   7.31
7.57   7.32   7.07   6.82   6.57   6.32   6.07   5.82   5.57   5.32   5.07   4.82   4.57   4.32   4.07   3.82   3.57   3.32   3.07   2.82   2.57   2.32   2.07   1.82   1.39   1.13   1.19   1.59   1.96   0.98   0.59   0.55   0.47   0.44   0.63   0.88   1.13   1.38   1.63   1.88   2.13   2.38   2.63   2.88   3.13   3.38   3.63   3.88   4.13   4.38   4.63   4.88   5.13   5.38   5.63   5.88   6.13   6.38   6.63   6.88   7.13
7.28   7.03   6.78   6.53   6.28   6.03   5.78   5.53   5.28   5.03   4.78   4.53   4.28   4.03   3.78   3.53   3.28   3.03   2.78   2.53   2.28   2.03   1.78   1.54   1.43   1.55   1.81   2.06   2.03   1.59   1.03   0.65   0.59   0.47   0.47   0.62   0.87   1.12   1.37   1.62   1.87   2.12   2.37   2.62   2.87   3.12   3.37   3.62   3.87   4.12   4.37   4.62   4.87   5.12   5.37   5.62   5.87   6.12   6.37   6.62   6.87
7.46   7.21   6.96   6.71   6.46   6.21   5.96   5.71   5.46   5.21   4.96   4.71   4.46   4.21   3.96   3.71   3.46   3.21   2.96   2.71   2.46   2.21   2.02   1.93   1.91   1.98   2.16   2.36   2.47   2.35   2.02   1.61   1.24   1.15   0.59   0.58   0.60   0.85   1.10   1.35   1.60   1.85   2.10   2.35   2.60   2.85   3.10   3.35   3.60   3.85   4.10   4.35   4.60   4.85   5.10   5.35   5.60   5.85   6.10   6.35   6.60
7.51   7.26   7.01   6.76   6.51   6.26   6.01   5.76   5.51   5.26   5.01   4.76   4.51   4.26   4.01   3.76   3.51   3.26   3.01   2.76   2.51   2.33   2.26   2.21   2.20   2.23   2.33   2.57   3.04   3.77   4.14   3.45   2.32   1.84   1.78   1.49   1.14   0.96   0.88   0.99   1.24   1.49   1.74   1.99   2.24   2.49   2.74   2.99   3.24   3.49   3.74   3.99   4.24   4.49   4.74   4.99   5.24   5.49   5.74   5.99   6.24
7.39   7.14   6.89   6.64   6.39   6.14   5.89   5.64   5.39   5.14   4.89   4.64   4.39   4.14   3.89   3.64   3.39   3.14   2.89   2.64   2.54   2.60   2.65   2.70   2.74   2.78   2.80   2.79   2.76   2.69   2.61   2.62   2.79   2.81   2.35   1.53   1.56   1.54   1.50   1.44   1.39   1.49   1.74   1.99   2.24   2.49   2.74   2.99   3.24   3.49   3.74   3.99   4.24   4.49   4.74   4.99   5.24   5.49   5.74   5.99   6.24
7.08   6.83   6.58   6.33   6.08   5.83   5.58   5.33   5.08   4.83   4.58   4.33   4.08   3.83   3.58   3.33   3.08   2.83   2.69   2.78   2.87   2.94   2.99   3.02   3.02   3.01   2.99   2.97   2.93   2.89   2.81   2.74   2.74   2.72   2.62   2.52   2.43   2.34   2.27   2.18   2.08   1.97   1.86   1.98   2.23   2.48   2.73   2.98   3.23   3.48   3.73   3.98   4.23   4.48   4.73   4.98   5.23   5.48   5.73   5.98   6.23
7.60   7.35   7.10   6.85   6.60   6.35   6.10   5.85   5.60   5.35   5.10   4.85   4.60   4.35   4.10   3.85   3.66   3.61   3.56   3.52   3.47   3.43   3.40   3.36   3.33   3.30   3.28   3.27   3.27   3.28   3.37   3.46   3.47   3.47   3.17   2.74   2.55   2.59   2.62   2.62   2.61   2.60   2.59   2.58   2.57   2.55   2.53   2.65   2.90   3.15   3.40   3.65   3.90   4.15   4.40   4.65   4.90   5.15   5.40   5.65   5.90
7.07   6.82   6.57   6.32   6.07   5.82   5.57   5.32   5.07   4.82   4.57   4.32   4.10   4.09   4.08   4.07   4.05   4.04   4.03   4.01   4.00   3.98   3.97   3.95   3.93   3.91   3.87   3.84   3.80   3.79   3.79   3.79   3.82   3.92   4.02   4.12   4.07   4.03   3.99   3.96   3.94   3.92   3.91   3.89   3.88   3.87   3.85   3.84   3.83   4.04   4.29   4.54   4.79   5.04   5.29   5.54   5.79   6.04   6.29   6.54   6.79
7.66   7.41   7.16   6.91   6.66   6.41   6.16   5.91   5.66   5.41   5.16   4.91   4.66   4.68   4.69   4.71   4.72   4.74   4.76   4.78   4.80   4.83   4.86   4.89   4.92   5.00   5.08   5.15   5.23   5.23   5.23   5.23   5.23   5.04   4.84   4.65   4.46   4.51   4.57   4.62   4.68   4.71   4.74   4.76   4.79   4.81   4.83   4.85   4.87   4.89   4.91   4.93   4.95   5.20   5.45   5.70   5.95   6.20   6.45   6.70   6.95
7.37   7.12   6.87   6.62   6.37   6.12   5.87   5.70   5.66   5.62   5.58   5.54   5.50   5.47   5.44   5.41   5.38   5.35   5.33   5.32   5.30   5.29   5.27   5.29   5.33   5.37   5.40   5.44   5.45   5.45   5.45   5.45   5.45   5.38   5.18   4.99   4.79   4.59   4.46   4.54   4.62   4.71   4.79   4.88   4.95   5.03   5.10   5.17   5.25   5.33   5.41   5.50   5.58   5.66   5.85   6.10   6.35   6.60   6.85   7.10   7.35
7.01   6.76   6.51   6.26   6.01   5.76   5.51   5.26   5.01   4.76   4.51   4.51   4.53   4.54   4.55   4.57   4.58   4.57   4.56   4.54   4.53   4.52   4.52   4.52   4.52   4.52   4.52   4.52   4.79   5.11   5.42   5.74   6.06   6.33   6.30   6.27   6.24   6.22   6.19   6.19   6.23   6.27   6.30   6.34   6.38   6.43   6.49   6.55   6.61   6.68   6.74   6.82   6.90   6.98   7.06   7.14   7.28   7.53   7.78   8.03   8.28
6.69   6.44   6.19   5.94   5.69   5.44   5.19   4.94   4.69   4.44   4.19   3.94   3.82   3.76   3.69   3.63   3.57   3.50   3.44   3.39   3.39   3.39   3.39   3.39   3.39   3.39   3.39   3.55   3.77   3.99   4.21   4.43   4.64   4.86   5.01   4.97   4.92   4.88   4.83   4.79   4.74   4.69   4.75   4.85   4.94   5.04   5.13   5.23   5.33   5.46   5.71   5.96   6.21   6.46   6.71   6.96   7.21   7.46   7.71   7.96   8.21
::