nonGaussian observation error table::
!
! only put comment (using !) in this block
!
# instrument    channel       stdev_from        predictor      cloud proxy
#   amsua          ch5        OmF_v3_hydro        sym_cld           ch3
!
! read the parameters for the table:
! max_range     = the range of OmF pdf in x axis
! dx            = dx in x-axis to define the bin for the OmF pdf
! bdy_slope     = the slope of stdev used to extrapolate to large OmF (larger = inflating more for extreme OmF)
! cri_costfn    = define the boundry of the cost-function that are used to estimate the stdev (not used in GSI code)
! num_cloud_cat = the number of cloud amount categories
! cloud_bin     = the boundary of cloud bins (size = num_cloud_cat +1 )
!
max_range      =  5.0
dx             =  0.20
bdy_slope      =  0.5
cri_costfn     =  3.2e-06
num_cloud_cat  =  14
::

cloud_bin::
0.00   0.50   1.00   1.50   2.00   3.00   4.00   5.00   6.00   8.00   10.00   13.00   16.00   20.00   30.00
::

bias::
-0.07   -0.07   -0.05   -0.05   0.05   0.08   0.10   0.12   0.17   -0.25   -0.27   0.33   0.35   -0.35
::

stdev::
2.38   2.28   2.18   2.08   1.98   1.88   1.78   1.68   1.58   1.48   1.38   1.28   1.18   1.08   0.98   0.88   0.78   0.68   0.58   0.48   0.38   0.30   0.25   0.22   0.21   0.24   0.23   0.23   0.23   0.33   0.43   0.53   0.63   0.73   0.83   0.93   1.03   1.13   1.23   1.33   1.43   1.53   1.63   1.73   1.83   1.93   2.03   2.13   2.23   2.33   2.43
2.44   2.34   2.24   2.14   2.04   1.94   1.84   1.74   1.64   1.54   1.44   1.34   1.24   1.14   1.04   0.94   0.84   0.74   0.64   0.54   0.46   0.31   0.25   0.21   0.20   0.25   0.23   0.23   0.25   0.31   0.41   0.51   0.61   0.71   0.81   0.91   1.01   1.11   1.21   1.31   1.41   1.51   1.61   1.71   1.81   1.91   2.01   2.11   2.21   2.31   2.41
2.40   2.30   2.20   2.10   2.00   1.90   1.80   1.70   1.60   1.50   1.40   1.30   1.20   1.10   1.00   0.90   0.80   0.70   0.60   0.50   0.40   0.32   0.27   0.24   0.21   0.24   0.24   0.23   0.27   0.32   0.41   0.51   0.61   0.71   0.81   0.91   1.01   1.11   1.21   1.31   1.41   1.51   1.61   1.71   1.81   1.91   2.01   2.11   2.21   2.31   2.41
2.45   2.35   2.25   2.15   2.05   1.95   1.85   1.75   1.65   1.55   1.45   1.35   1.25   1.15   1.05   0.95   0.85   0.75   0.65   0.55   0.46   0.36   0.28   0.24   0.20   0.22   0.24   0.25   0.28   0.34   0.39   0.49   0.59   0.69   0.79   0.89   0.99   1.09   1.19   1.29   1.39   1.49   1.59   1.69   1.79   1.89   1.99   2.09   2.19   2.29   2.39
2.56   2.46   2.36   2.26   2.16   2.06   1.96   1.86   1.76   1.66   1.56   1.46   1.36   1.26   1.16   1.06   0.96   0.86   0.76   0.63   0.52   0.42   0.34   0.29   0.27   0.27   0.21   0.23   0.27   0.34   0.48   0.61   0.71   0.81   0.91   1.01   1.11   1.21   1.31   1.41   1.51   1.61   1.71   1.81   1.91   2.01   2.11   2.21   2.31   2.41   2.51
2.45   2.35   2.25   2.15   2.05   1.95   1.85   1.75   1.65   1.55   1.45   1.35   1.25   1.15   1.05   0.95   0.89   0.96   0.94   0.72   0.56   0.46   0.39   0.33   0.27   0.25   0.19   0.23   0.31   0.38   0.47   0.60   0.79   0.90   1.00   1.10   1.20   1.30   1.40   1.50   1.60   1.70   1.80   1.90   2.00   2.10   2.20   2.30   2.40   2.50   2.60
2.93   2.83   2.73   2.63   2.53   2.43   2.33   2.23   2.13   2.03   1.93   1.83   1.73   1.61   1.47   1.32   1.16   1.02   0.88   0.76   0.64   0.54   0.44   0.35   0.29   0.27   0.24   0.23   0.32   0.44   0.57   0.70   0.81   0.92   1.03   1.13   1.23   1.33   1.43   1.53   1.63   1.73   1.83   1.93   2.03   2.13   2.23   2.33   2.43   2.53   2.63
3.07   2.97   2.87   2.77   2.67   2.57   2.47   2.37   2.27   2.17   2.07   1.83   1.41   1.27   1.26   1.29   1.30   1.23   1.07   0.88   0.71   0.56   0.45   0.38   0.37   0.37   0.33   0.25   0.34   0.46   0.59   0.72   0.87   1.02   1.16   1.27   1.34   1.37   1.38   1.47   1.57   1.67   1.77   1.87   1.97   2.07   2.17   2.27   2.37   2.47   2.57
2.79   2.69   2.59   2.49   2.39   2.29   2.19   2.09   2.00   1.92   1.84   1.76   1.69   1.63   1.56   1.48   1.38   1.26   1.11   0.95   0.80   0.66   0.55   0.48   0.44   0.44   0.43   0.38   0.38   0.49   0.60   0.72   0.83   0.94   1.05   1.16   1.28   1.40   1.53   1.67   1.81   1.91   2.01   2.11   2.21   2.31   2.41   2.51   2.61   2.71   2.81
2.46   2.36   2.26   2.16   2.07   2.01   1.95   1.91   1.87   1.83   1.80   1.77   1.74   1.71   1.67   1.58   1.49   1.28   1.04   0.81   0.65   0.49   0.45   0.45   0.46   0.54   0.62   0.67   0.71   0.76   0.83   0.90   0.99   1.08   1.18   1.32   1.46   1.64   1.84   2.01   2.11   2.21   2.18   2.10   2.07   2.17   2.27   2.37   2.47   2.57   2.67
2.38   2.28   2.21   2.19   2.16   2.16   2.17   2.17   2.17   2.17   2.15   2.06   1.97   1.85   1.69   1.53   1.35   1.15   0.95   0.79   0.63   0.50   0.50   0.50   0.52   0.58   0.63   0.69   0.76   0.82   0.91   1.00   1.09   1.19   1.29   1.39   1.49   1.60   1.71   1.82   1.94   2.04   2.14   2.24   2.30   2.35   2.42   2.52   2.62   2.72   2.82
3.21   3.27   3.29   3.30   3.30   3.18   3.07   2.95   2.78   2.59   2.40   2.22   2.04   1.86   1.69   1.54   1.39   1.25   1.14   1.04   0.93   0.89   0.85   0.81   0.80   0.80   0.80   0.78   0.71   0.65   0.61   0.70   0.79   0.89   1.02   1.15   1.28   1.44   1.61   1.79   1.93   2.03   2.14   2.22   2.17   2.11   2.06   2.14   2.24   2.34   2.44
2.89   2.79   2.69   2.67   2.69   2.70   2.68   2.57   2.46   2.35   2.20   2.04   1.87   1.72   1.59   1.47   1.34   1.24   1.15   1.05   0.97   0.92   0.86   0.81   0.79   0.79   0.79   0.78   0.72   0.67   0.61   0.69   0.80   0.92   1.04   1.13   1.23   1.32   1.40   1.48   1.56   1.64   1.74   1.84   1.94   2.04   2.14   2.24   2.34   2.44   2.54
2.63   2.53   2.43   2.33   2.23   2.13   2.09   2.23   2.36   2.50   2.35   2.10   1.86   1.63   1.42   1.22   1.01   0.88   0.76   0.65   0.57   0.57   0.57   0.57   0.64   0.73   0.83   0.91   0.92   0.94   0.96   0.99   1.04   1.08   1.13   1.18   1.22   1.27   1.34   1.40   1.47   1.54   1.64   1.74   1.84   1.94   2.04   2.14   2.24   2.34   2.44
::