nonGaussian observation error table::
!
! only put comment (using !) in this block
!
# instrument    channel       stdev_from        predictor      cloud proxy
#   amsua          ch3        OmF_v3_hydro        sym_cld           clw
!
! read the parameters for the table:
! max_range     = the range of OmF pdf in x axis
! dx            = dx in x-axis to define the bin for the OmF pdf
! bdy_slope     = the slope of stdev used to extrapolate to large OmF (larger = inflating more for extreme OmF)
! cri_costfn    = define the boundry of the cost-function that are used to estimate the stdev (not used in GSI code)
! num_cloud_cat = the number of cloud amount categories
! cloud_bin     = the boundary of cloud bins (size = num_cloud_cat +1 )
!
max_range      =  40.0
dx             =  2.00
bdy_slope      =  0.5
cri_costfn     =  3.2e-06
num_cloud_cat  =  14
::

cloud_bin::
0.00   0.03   0.05   0.07   0.10   0.15   0.20   0.25   0.30   0.35   0.40   0.50   0.60   0.80   1.00
::

bias::
-0.12   0.17   0.20   0.30   1.12   2.17   1.15   1.57   2.00   2.32   2.25   2.70   -2.55   -3.00
::

stdev::
19.63   18.63   17.63   16.63   15.63   14.63   13.63   12.63   11.63   10.63   9.63   8.63   7.63   6.63   5.63   4.63   3.63   2.63   1.63   1.22   1.20   1.34   1.73   2.70   3.70   4.70   5.70   6.70   7.70   8.70   9.70   10.70   11.70   12.70   13.70   14.70   15.70   16.70   17.70   18.70   19.70
19.83   18.83   17.83   16.83   15.83   14.83   13.83   12.83   11.83   10.83   9.83   8.83   7.83   6.83   5.83   4.83   3.83   2.83   2.04   1.71   2.06   1.68   1.95   2.49   3.49   4.49   5.49   6.49   7.49   8.49   9.49   10.49   11.49   12.49   13.49   14.49   15.49   16.49   17.49   18.49   19.49
19.64   18.64   17.64   16.64   15.64   14.64   13.64   12.64   11.64   10.64   9.64   8.64   7.64   6.64   5.64   4.64   3.64   2.70   2.38   2.12   1.73   2.17   2.32   2.58   3.39   4.39   5.39   6.39   7.39   8.39   9.39   10.39   11.39   12.39   13.39   14.39   15.39   16.39   17.39   18.39   19.39
19.68   18.68   17.68   16.68   15.68   14.68   13.68   12.68   11.68   10.68   9.68   8.68   7.68   6.68   5.68   4.68   3.68   2.81   2.72   2.59   2.26   2.82   2.84   3.02   3.28   4.25   5.25   6.25   7.25   8.25   9.25   10.25   11.25   12.25   13.25   14.25   15.25   16.25   17.25   18.25   19.25
19.91   18.91   17.91   16.91   15.91   14.91   13.91   12.91   11.91   10.91   9.91   8.91   7.91   6.91   5.91   4.91   3.91   3.76   3.68   3.59   3.49   3.53   3.57   3.70   3.85   4.03   4.98   5.98   6.98   7.98   8.98   9.98   10.98   11.98   12.98   13.98   14.98   15.98   16.98   17.98   18.98
20.54   19.54   18.54   17.54   16.54   15.54   14.54   13.54   12.54   11.54   10.54   9.54   8.54   7.54   6.54   5.54   5.26   5.28   5.32   5.41   5.80   6.07   4.55   4.81   4.89   4.93   4.94   5.06   6.06   7.06   8.06   9.06   10.06   11.06   12.06   13.06   14.06   15.06   16.06   17.06   18.06
20.79   19.79   18.79   17.79   16.79   15.79   14.79   13.79   12.79   11.79   10.79   9.79   8.79   7.79   6.79   5.96   5.93   5.88   5.78   5.55   5.43   6.13   7.17   6.67   6.52   6.45   6.41   6.39   6.91   7.91   8.91   9.91   10.91   11.91   12.91   13.91   14.91   15.91   16.91   17.91   18.91
19.86   18.86   17.86   16.86   15.86   14.86   13.86   12.86   11.86   10.86   9.86   8.86   7.86   6.94   6.95   6.96   6.97   6.97   6.97   6.95   6.95   6.98   7.13   7.17   7.16   7.16   7.17   7.17   7.19   7.53   8.53   9.53   10.53   11.53   12.53   13.53   14.53   15.53   16.53   17.53   18.53
20.77   19.77   18.77   17.77   16.77   15.77   14.77   13.77   12.77   11.77   10.77   9.77   8.77   7.77   7.80   7.83   7.87   7.91   8.02   8.12   8.12   8.12   7.83   7.53   7.62   7.71   7.75   7.79   7.82   7.85   8.85   9.85   10.85   11.85   12.85   13.85   14.85   15.85   16.85   17.85   18.85
20.30   19.30   18.30   17.30   16.30   15.30   14.30   13.30   12.30   11.30   10.30   9.30   8.44   8.47   8.51   8.57   8.64   8.79   9.02   9.22   9.22   9.22   8.61   7.88   7.60   7.75   7.88   7.93   7.99   8.86   9.86   10.86   11.86   12.86   13.86   14.86   15.86   16.86   17.86   18.86   19.86
21.86   20.86   19.86   18.86   17.86   16.86   15.86   14.86   13.86   12.86   11.86   10.86   9.86   9.71   9.69   9.68   9.67   9.71   9.80   9.88   9.88   9.88   9.39   8.83   8.66   8.72   8.76   8.76   8.75   8.74   8.72   9.59   10.59   11.59   12.59   13.59   14.59   15.59   16.59   17.59   18.59
19.83   18.83   17.83   16.83   15.83   14.83   13.83   12.83   11.83   10.83   9.83   9.34   9.48   9.62   9.84   10.08   10.35   11.13   11.91   12.42   12.42   12.42   11.38   9.79   8.20   8.44   8.78   9.09   9.28   9.47   10.11   11.11   12.11   13.11   14.11   15.11   16.11   17.11   18.11   19.11   20.11
19.40   18.40   17.40   16.40   15.40   14.40   13.40   12.40   11.40   10.40   9.40   8.40   8.30   8.27   8.18   7.99   7.79   7.76   7.76   8.39   10.67   12.96   13.04   12.29   11.65   11.58   11.50   11.50   11.55   11.67   12.67   13.67   14.67   15.67   16.67   17.67   18.67   19.67   20.67   21.67   22.67
20.23   19.23   18.23   17.23   16.23   15.23   14.23   13.23   12.23   11.23   10.23   9.23   8.23   7.68   7.59   7.50   7.45   7.45   7.45   8.29   9.95   11.61   12.27   11.92   11.57   11.43   11.51   11.59   11.73   11.93   12.13   12.73   13.73   14.73   15.73   16.73   17.73   18.73   19.73   20.73   21.73
::