nonGaussian observation error table::
!
! only put comment (using !) in this block
!
# instrument    channel       stdev_from        predictor      cloud proxy
#   atms          ch22        OmF_v3_hydro        sym_cld           si1617
!
! read the parameters for the table:
! max_range     = the range of OmF pdf in x axis
! dx            = dx in x-axis to define the bin for the OmF pdf
! bdy_slope     = the slope of stdev used to extrapolate to large OmF (larger = inflating more for extreme OmF)
! cri_costfn    = define the boundry of the cost-function that are used to estimate the stdev (not used in GSI code)
! num_cloud_cat = the number of cloud amount categories
! cloud_bin     = the boundary of cloud bins (size = num_cloud_cat +1 )
!
max_range      =  30.0
dx             =  1.00
bdy_slope      =  0.5
cri_costfn     =  3.2e-06
num_cloud_cat  =  14
::

cloud_bin::
0.00   0.50   1.00   2.00   3.50   5.00   7.50   10.00   12.50   15.00   17.50   20.00   25.00   30.00   50.00
::

bias::
0.20   -0.20   -0.17   0.18   0.20   0.22   -0.27   -0.35   -0.45   -0.58   -0.65   -0.65   -0.83   -0.75
::

stdev::
14.75   14.25   13.75   13.25   12.75   12.25   11.75   11.25   10.75   10.25   9.75   9.25   8.75   8.25   7.75   7.25   6.75   6.25   5.75   5.25   4.75   4.25   3.75   3.25   2.75   2.25   1.89   1.66   1.51   1.45   1.77   1.29   1.44   1.66   2.01   2.50   3.04   3.54   4.04   4.54   5.04   5.54   6.04   6.54   7.04   7.54   8.04   8.54   9.04   9.54   10.04   10.54   11.04   11.54   12.04   12.54   13.04   13.54   14.04   14.54   15.04
14.70   14.20   13.70   13.20   12.70   12.20   11.70   11.20   10.70   10.20   9.70   9.20   8.70   8.20   7.70   7.20   6.70   6.20   5.70   5.20   4.70   4.20   3.70   3.20   2.70   2.20   1.82   1.57   1.37   1.20   1.51   1.55   1.59   1.77   2.11   2.59   3.12   3.62   4.12   4.62   5.12   5.62   6.12   6.62   7.12   7.62   8.12   8.62   9.12   9.62   10.12   10.62   11.12   11.62   12.12   12.62   13.12   13.62   14.12   14.62   15.12
14.79   14.29   13.79   13.29   12.79   12.29   11.79   11.29   10.79   10.29   9.79   9.29   8.79   8.29   7.79   7.29   6.79   6.29   5.79   5.29   4.79   4.29   3.79   3.29   2.79   2.29   1.90   1.56   1.34   1.22   1.35   1.46   1.55   1.76   2.16   2.75   3.28   3.78   4.28   4.78   5.28   5.78   6.28   6.78   7.28   7.78   8.28   8.78   9.28   9.78   10.28   10.78   11.28   11.78   12.28   12.78   13.28   13.78   14.28   14.78   15.28
14.90   14.40   13.90   13.40   12.90   12.40   11.90   11.40   10.90   10.40   9.90   9.40   8.90   8.40   7.90   7.40   6.90   6.40   5.90   5.40   4.90   4.40   3.90   3.40   2.90   2.40   1.99   1.73   1.57   1.47   1.62   1.18   1.39   1.70   2.12   2.58   3.07   3.57   4.07   4.57   5.07   5.57   6.07   6.57   7.07   7.57   8.07   8.57   9.07   9.57   10.07   10.57   11.07   11.57   12.07   12.57   13.07   13.57   14.07   14.57   15.07
14.96   14.46   13.96   13.46   12.96   12.46   11.96   11.46   10.96   10.46   9.96   9.46   8.96   8.46   7.96   7.46   6.96   6.46   5.96   5.46   4.96   4.46   3.96   3.46   2.96   2.46   2.07   1.80   1.62   1.53   1.69   1.18   1.37   1.65   2.10   2.59   3.09   3.59   4.09   4.59   5.09   5.59   6.09   6.59   7.09   7.59   8.09   8.59   9.09   9.59   10.09   10.59   11.09   11.59   12.09   12.59   13.09   13.59   14.09   14.59   15.09
14.96   14.46   13.96   13.46   12.96   12.46   11.96   11.46   10.96   10.46   9.96   9.46   8.96   8.46   7.96   7.46   6.96   6.46   5.96   5.46   4.96   4.46   3.96   3.46   2.96   2.48   2.10   1.83   1.65   1.56   1.81   1.09   1.29   1.61   2.16   2.74   3.25   3.75   4.25   4.75   5.25   5.75   6.25   6.75   7.25   7.75   8.25   8.75   9.25   9.75   10.25   10.75   11.25   11.75   12.25   12.75   13.25   13.75   14.25   14.75   15.25
15.07   14.57   14.07   13.57   13.07   12.57   12.07   11.57   11.07   10.57   10.07   9.57   9.07   8.57   8.07   7.57   7.07   6.57   6.07   5.57   5.07   4.57   4.07   3.57   3.07   2.59   2.11   1.72   1.49   1.41   1.39   1.48   1.64   1.83   2.12   2.55   3.05   3.55   4.05   4.55   5.05   5.55   6.05   6.55   7.05   7.55   8.05   8.55   9.05   9.55   10.05   10.55   11.05   11.55   12.05   12.55   13.05   13.55   14.05   14.55   15.05
15.37   14.87   14.37   13.87   13.37   12.87   12.37   11.87   11.37   10.87   10.37   9.87   9.37   8.87   8.37   7.87   7.37   6.87   6.37   5.87   5.37   4.87   4.37   3.87   3.35   2.72   2.16   1.82   1.60   1.44   1.47   1.51   1.63   1.87   2.27   2.79   3.29   3.79   4.29   4.79   5.29   5.79   6.29   6.79   7.29   7.79   8.29   8.79   9.29   9.79   10.29   10.79   11.29   11.79   12.29   12.79   13.29   13.79   14.29   14.79   15.29
15.75   15.25   14.75   14.25   13.75   13.25   12.75   12.25   11.75   11.25   10.75   10.25   9.75   9.25   8.75   8.25   7.75   7.25   6.75   6.25   5.75   5.25   4.75   4.02   3.29   2.74   2.30   1.94   1.66   1.51   1.56   1.65   1.79   2.01   2.30   2.67   3.17   3.67   4.17   4.67   5.17   5.67   6.17   6.67   7.17   7.67   8.17   8.67   9.17   9.67   10.17   10.67   11.17   11.67   12.17   12.67   13.17   13.67   14.17   14.67   15.17
15.78   15.28   14.78   14.28   13.78   13.28   12.78   12.28   11.78   11.28   10.78   10.28   9.78   9.28   8.78   8.28   7.78   7.28   6.78   6.28   5.78   5.28   5.35   5.13   4.10   2.93   2.19   1.78   1.61   1.57   1.56   1.64   1.87   2.13   2.45   2.92   3.42   3.92   4.42   4.92   5.42   5.92   6.42   6.92   7.42   7.92   8.42   8.92   9.42   9.92   10.42   10.92   11.42   11.92   12.42   12.92   13.42   13.92   14.42   14.92   15.42
15.84   15.34   14.84   14.34   13.84   13.34   12.84   12.34   11.84   11.34   10.84   10.34   9.84   9.34   8.84   8.34   7.84   7.34   6.84   6.34   5.84   5.34   4.78   4.16   3.57   3.01   2.49   2.03   1.66   1.64   1.77   1.91   1.92   2.10   2.40   2.81   3.31   3.81   4.31   4.81   5.31   5.81   6.31   6.81   7.31   7.81   8.31   8.81   9.31   9.81   10.31   10.81   11.31   11.81   12.31   12.81   13.31   13.81   14.31   14.81   15.31
16.27   15.77   15.27   14.77   14.27   13.77   13.27   12.77   12.27   11.77   11.27   10.77   10.27   9.77   9.27   8.77   8.27   7.77   7.27   6.77   6.27   5.57   4.83   4.15   3.54   3.02   2.56   2.12   1.69   1.67   1.65   1.67   1.77   2.17   2.65   3.16   3.66   4.16   4.66   5.16   5.66   6.16   6.66   7.16   7.66   8.16   8.66   9.16   9.66   10.16   10.66   11.16   11.66   12.16   12.66   13.16   13.66   14.16   14.66   15.16   15.66
15.88   15.38   14.88   14.38   13.88   13.38   12.88   12.38   11.88   11.38   10.88   10.38   9.88   9.38   8.88   8.38   7.88   7.38   6.88   6.38   5.88   5.37   4.70   4.07   3.50   2.98   2.47   2.04   1.81   1.81   1.81   1.83   1.99   2.19   2.44   2.90   3.40   3.90   4.40   4.90   5.40   5.90   6.40   6.90   7.40   7.90   8.40   8.90   9.40   9.90   10.40   10.90   11.40   11.90   12.40   12.90   13.40   13.90   14.40   14.90   15.40
16.56   16.06   15.56   15.06   14.56   14.06   13.56   13.06   12.56   12.06   11.56   11.06   10.56   10.06   9.56   9.06   8.56   8.06   7.56   7.06   6.56   6.03   5.42   4.64   3.79   2.98   2.33   1.91   1.65   1.65   1.66   1.72   1.95   2.19   2.50   3.00   3.50   4.00   4.50   5.00   5.50   6.00   6.50   7.00   7.50   8.00   8.50   9.00   9.50   10.00   10.50   11.00   11.50   12.00   12.50   13.00   13.50   14.00   14.50   15.00   15.50
::