nonGaussian observation error table::
!
! only put comment (using !) in this block
!
# instrument    channel       stdev_from        predictor      cloud proxy
#   atms          ch18        OmF_v3_hydro        sym_cld           si1617
!
! read the parameters for the table:
! max_range     = the range of OmF pdf in x axis
! dx            = dx in x-axis to define the bin for the OmF pdf
! bdy_slope     = the slope of stdev used to extrapolate to large OmF (larger = inflating more for extreme OmF)
! cri_costfn    = define the boundry of the cost-function that are used to estimate the stdev (not used in GSI code)
! num_cloud_cat = the number of cloud amount categories
! cloud_bin     = the boundary of cloud bins (size = num_cloud_cat +1 )
!
max_range      =  30.0
dx             =  1.00
bdy_slope      =  0.5
cri_costfn     =  3.2e-06
num_cloud_cat  =  14
::

cloud_bin::
0.00   0.50   1.00   2.00   3.50   5.00   7.50   10.00   12.50   15.00   17.50   20.00   25.00   30.00   50.00
::

bias::
0.15   0.15   0.12   0.15   -0.23   -0.27   -0.50   -0.80   -1.30   -1.88   -2.38   2.52   -3.38   3.42
::

stdev::
14.96   14.46   13.96   13.46   12.96   12.46   11.96   11.46   10.96   10.46   9.96   9.46   8.96   8.46   7.96   7.46   6.96   6.46   5.96   5.46   4.96   4.46   3.96   3.46   2.96   2.46   1.96   1.46   1.07   0.78   0.77   0.84   1.21   1.56   1.90   2.35   2.85   3.35   3.85   4.35   4.85   5.35   5.85   6.35   6.85   7.35   7.85   8.35   8.85   9.35   9.85   10.35   10.85   11.35   11.85   12.35   12.85   13.35   13.85   14.35   14.85
14.98   14.48   13.98   13.48   12.98   12.48   11.98   11.48   10.98   10.48   9.98   9.48   8.98   8.48   7.98   7.48   6.98   6.48   5.98   5.48   4.98   4.48   3.98   3.48   2.98   2.48   1.98   1.50   1.12   0.87   0.85   0.88   1.13   1.53   2.13   2.55   3.05   3.55   4.05   4.55   5.05   5.55   6.05   6.55   7.05   7.55   8.05   8.55   9.05   9.55   10.05   10.55   11.05   11.55   12.05   12.55   13.05   13.55   14.05   14.55   15.05
15.12   14.62   14.12   13.62   13.12   12.62   12.12   11.62   11.12   10.62   10.12   9.62   9.12   8.62   8.12   7.62   7.12   6.62   6.12   5.62   5.12   4.62   4.12   3.62   3.12   2.62   2.12   1.58   1.15   0.96   0.93   0.81   1.11   1.70   2.19   2.67   3.17   3.67   4.17   4.67   5.17   5.67   6.17   6.67   7.17   7.67   8.17   8.67   9.17   9.67   10.17   10.67   11.17   11.67   12.17   12.67   13.17   13.67   14.17   14.67   15.17
15.12   14.62   14.12   13.62   13.12   12.62   12.12   11.62   11.12   10.62   10.12   9.62   9.12   8.62   8.12   7.62   7.12   6.62   6.12   5.62   5.12   4.62   4.12   3.62   3.12   2.62   2.16   1.71   1.39   1.14   1.23   0.84   1.09   1.67   2.37   2.88   3.38   3.88   4.38   4.88   5.38   5.88   6.38   6.88   7.38   7.88   8.38   8.88   9.38   9.88   10.38   10.88   11.38   11.88   12.38   12.88   13.38   13.88   14.38   14.88   15.38
14.96   14.46   13.96   13.46   12.96   12.46   11.96   11.46   10.96   10.46   9.96   9.46   8.96   8.46   7.96   7.46   6.96   6.46   5.96   5.46   4.96   4.46   3.96   3.46   3.16   2.99   2.53   1.85   1.29   1.05   0.95   1.03   1.30   1.86   2.59   3.16   3.66   4.16   4.66   5.16   5.66   6.16   6.66   7.16   7.66   8.16   8.66   9.16   9.66   10.16   10.66   11.16   11.66   12.16   12.66   13.16   13.66   14.16   14.66   15.16   15.66
15.71   15.21   14.71   14.21   13.71   13.21   12.71   12.21   11.71   11.21   10.71   10.21   9.71   9.21   8.71   8.21   7.71   7.21   6.71   6.21   5.71   5.21   4.95   4.79   4.22   3.39   2.56   1.90   1.44   1.16   1.07   1.10   1.37   1.85   2.63   3.19   3.69   4.19   4.69   5.19   5.69   6.19   6.69   7.19   7.69   8.19   8.69   9.19   9.69   10.19   10.69   11.19   11.69   12.19   12.69   13.19   13.69   14.19   14.69   15.19   15.69
17.01   16.51   16.01   15.51   15.01   14.51   14.01   13.51   13.01   12.51   12.01   11.51   11.01   10.51   10.01   9.51   9.01   8.51   8.01   7.52   6.97   6.29   5.55   4.81   4.09   3.41   2.78   2.19   1.69   1.47   1.48   1.49   1.65   2.08   2.74   3.59   4.31   4.81   5.31   5.81   6.31   6.81   7.31   7.81   8.31   8.81   9.31   9.81   10.31   10.81   11.31   11.81   12.31   12.81   13.31   13.81   14.31   14.81   15.31   15.81   16.31
18.74   18.24   17.74   17.24   16.74   16.24   15.74   15.24   14.74   14.24   13.74   13.24   12.74   12.24   11.74   11.24   10.74   10.03   9.19   8.25   7.34   6.45   5.63   4.85   4.15   3.48   2.83   2.28   1.94   1.94   1.98   2.02   2.08   2.32   2.69   3.48   4.16   4.66   5.16   5.66   6.16   6.66   7.16   7.66   8.16   8.66   9.16   9.66   10.16   10.66   11.16   11.66   12.16   12.66   13.16   13.66   14.16   14.66   15.16   15.66   16.16
23.77   23.27   22.77   22.27   21.77   21.27   20.77   20.27   19.77   19.27   18.77   18.27   17.77   17.27   16.52   15.75   14.50   12.11   9.73   8.07   6.73   5.46   4.83   4.21   3.73   3.41   3.09   3.06   3.06   3.05   3.01   2.98   3.11   3.32   3.55   4.01   4.48   4.96   5.46   5.96   6.46   6.96   7.46   7.96   8.46   8.96   9.46   9.96   10.46   10.96   11.46   11.96   12.46   12.96   13.46   13.96   14.46   14.96   15.46   15.96   16.46
18.57   18.07   17.57   17.07   16.57   16.07   15.57   15.07   14.57   14.07   13.57   13.07   12.57   12.07   11.36   10.62   9.88   9.15   8.45   7.76   7.07   6.41   5.80   5.20   4.60   4.37   4.37   4.37   4.37   4.39   4.41   4.43   4.46   4.55   4.63   4.72   4.98   5.52   6.06   6.61   7.12   7.62   8.12   8.62   9.12   9.62   10.12   10.62   11.12   11.62   12.12   12.62   13.12   13.62   14.12   14.62   15.12   15.62   16.12   16.62   17.12
20.27   19.77   19.27   18.77   18.27   17.77   17.27   16.77   16.27   15.66   14.86   14.06   13.26   12.46   11.65   10.83   10.02   9.21   8.39   7.74   7.11   6.47   5.84   5.28   5.28   5.28   5.28   5.28   5.33   5.46   5.59   5.72   5.85   5.92   5.95   5.97   6.00   6.02   6.46   6.96   7.46   7.96   8.46   8.96   9.46   9.96   10.46   10.96   11.46   11.96   12.46   12.96   13.46   13.96   14.46   14.96   15.46   15.96   16.46   16.96   17.46
21.70   21.20   20.70   20.20   19.70   19.20   18.70   18.20   17.56   16.87   16.17   15.48   14.79   14.13   13.49   12.85   12.21   11.56   11.00   10.48   9.97   9.45   8.94   8.67   8.58   8.50   8.41   8.33   8.29   8.29   8.29   8.29   8.29   7.95   7.25   6.54   5.84   5.13   4.89   5.28   5.66   6.05   6.43   6.86   7.36   7.86   8.36   8.86   9.36   9.86   10.36   10.86   11.36   11.86   12.36   12.86   13.36   13.86   14.36   14.86   15.36
18.59   18.09   17.59   17.09   16.59   16.09   15.59   15.00   14.36   13.71   13.07   12.42   11.78   11.13   10.68   10.25   9.83   9.40   8.98   8.55   8.18   8.18   8.18   8.18   8.18   8.18   8.18   8.26   8.50   8.73   8.96   9.20   9.43   9.66   9.72   9.66   9.61   9.55   9.50   9.45   9.39   9.82   10.32   10.82   11.32   11.82   12.32   12.82   13.32   13.82   14.32   14.82   15.32   15.82   16.32   16.82   17.32   17.82   18.32   18.82   19.32
20.48   19.98   19.48   18.98   18.48   17.98   17.48   17.10   16.71   16.32   15.94   15.55   15.17   14.81   14.62   14.43   14.23   14.04   13.85   13.66   13.57   13.73   13.89   14.04   14.20   14.36   14.52   14.62   14.62   14.62   14.62   14.62   14.62   14.62   14.07   13.11   12.16   11.21   10.25   9.30   8.35   8.18   8.30   8.43   8.55   8.68   8.80   8.93   9.38   9.88   10.38   10.88   11.38   11.88   12.38   12.88   13.38   13.88   14.38   14.88   15.38
::