nonGaussian observation error table::
!
! only put comment (using !) in this block
!
# instrument    channel       stdev_from        predictor      cloud proxy
#   atms          ch20        OmF_v3_hydro        sym_cld           si1617
!
! read the parameters for the table:
! max_range     = the range of OmF pdf in x axis
! dx            = dx in x-axis to define the bin for the OmF pdf
! bdy_slope     = the slope of stdev used to extrapolate to large OmF (larger = inflating more for extreme OmF)
! cri_costfn    = define the boundry of the cost-function that are used to estimate the stdev (not used in GSI code)
! num_cloud_cat = the number of cloud amount categories
! cloud_bin     = the boundary of cloud bins (size = num_cloud_cat +1 )
!
max_range      =  30.0
dx             =  1.00
bdy_slope      =  0.5
cri_costfn     =  3.2e-06
num_cloud_cat  =  14
::

cloud_bin::
0.00   0.50   1.00   2.00   3.50   5.00   7.50   10.00   12.50   15.00   17.50   20.00   25.00   30.00   50.00
::

bias::
0.17   0.52   -0.15   0.15   -0.20   -0.23   0.32   -0.48   -0.72   -1.03   1.25   -1.33   -1.72   -1.68
::

stdev::
14.93   14.43   13.93   13.43   12.93   12.43   11.93   11.43   10.93   10.43   9.93   9.43   8.93   8.43   7.93   7.43   6.93   6.43   5.93   5.43   4.93   4.43   3.93   3.43   2.93   2.43   1.93   1.57   1.22   1.00   0.93   1.05   1.23   1.52   2.09   2.68   3.18   3.68   4.18   4.68   5.18   5.68   6.18   6.68   7.18   7.68   8.18   8.68   9.18   9.68   10.18   10.68   11.18   11.68   12.18   12.68   13.18   13.68   14.18   14.68   15.18
14.91   14.41   13.91   13.41   12.91   12.41   11.91   11.41   10.91   10.41   9.91   9.41   8.91   8.41   7.91   7.41   6.91   6.41   5.91   5.41   4.91   4.41   3.91   3.41   2.91   2.41   1.91   1.58   1.41   1.30   1.41   0.91   1.06   1.39   2.11   2.60   3.08   3.58   4.08   4.58   5.08   5.58   6.08   6.58   7.08   7.58   8.08   8.58   9.08   9.58   10.08   10.58   11.08   11.58   12.08   12.58   13.08   13.58   14.08   14.58   15.08
14.90   14.40   13.90   13.40   12.90   12.40   11.90   11.40   10.90   10.40   9.90   9.40   8.90   8.40   7.90   7.40   6.90   6.40   5.90   5.40   4.90   4.40   3.90   3.40   2.90   2.40   1.90   1.50   1.15   0.99   1.17   1.31   1.44   1.64   1.97   2.51   3.01   3.51   4.01   4.51   5.01   5.51   6.01   6.51   7.01   7.51   8.01   8.51   9.01   9.51   10.01   10.51   11.01   11.51   12.01   12.51   13.01   13.51   14.01   14.51   15.01
15.11   14.61   14.11   13.61   13.11   12.61   12.11   11.61   11.11   10.61   10.11   9.61   9.11   8.61   8.11   7.61   7.11   6.61   6.11   5.61   5.11   4.61   4.11   3.61   3.11   2.61   2.05   1.61   1.38   1.25   1.37   1.08   1.27   1.54   2.06   3.05   3.55   4.05   4.55   5.05   5.55   6.05   6.55   7.05   7.55   8.05   8.55   9.05   9.55   10.05   10.55   11.05   11.55   12.05   12.55   13.05   13.55   14.05   14.55   15.05   15.55
14.99   14.49   13.99   13.49   12.99   12.49   11.99   11.49   10.99   10.49   9.99   9.49   8.99   8.49   7.99   7.49   6.99   6.49   5.99   5.49   4.99   4.49   3.99   3.49   2.99   2.49   2.06   1.70   1.37   1.11   1.22   1.28   1.42   1.71   2.13   2.65   3.15   3.65   4.15   4.65   5.15   5.65   6.15   6.65   7.15   7.65   8.15   8.65   9.15   9.65   10.15   10.65   11.15   11.65   12.15   12.65   13.15   13.65   14.15   14.65   15.15
15.39   14.89   14.39   13.89   13.39   12.89   12.39   11.89   11.39   10.89   10.39   9.89   9.39   8.89   8.39   7.89   7.39   6.89   6.39   5.89   5.39   4.89   4.39   3.89   3.39   2.82   2.28   1.79   1.43   1.19   1.23   1.31   1.46   1.77   2.15   2.61   3.11   3.61   4.11   4.61   5.11   5.61   6.11   6.61   7.11   7.61   8.11   8.61   9.11   9.61   10.11   10.61   11.11   11.61   12.11   12.61   13.11   13.61   14.11   14.61   15.11
15.77   15.27   14.77   14.27   13.77   13.27   12.77   12.27   11.77   11.27   10.77   10.27   9.77   9.27   8.77   8.27   7.77   7.27   6.77   6.27   5.77   5.27   4.77   4.22   3.68   3.20   2.75   2.31   1.92   1.66   1.70   1.07   1.25   1.55   2.07   2.74   3.24   3.74   4.24   4.74   5.24   5.74   6.24   6.74   7.24   7.74   8.24   8.74   9.24   9.74   10.24   10.74   11.24   11.74   12.24   12.74   13.24   13.74   14.24   14.74   15.24
17.12   16.62   16.12   15.62   15.12   14.62   14.12   13.62   13.12   12.62   12.12   11.62   11.12   10.62   10.12   9.62   9.12   8.62   8.12   7.62   7.12   6.54   5.70   4.79   3.93   3.17   2.50   1.98   1.64   1.49   1.61   1.71   1.77   1.98   2.35   2.91   3.44   3.94   4.44   4.94   5.44   5.94   6.44   6.94   7.44   7.94   8.44   8.94   9.44   9.94   10.44   10.94   11.44   11.94   12.44   12.94   13.44   13.94   14.44   14.94   15.44
17.43   16.93   16.43   15.93   15.43   14.93   14.43   13.93   13.43   12.93   12.43   11.93   11.43   10.93   10.43   9.93   9.43   8.93   8.43   7.93   6.98   6.02   5.14   4.39   3.69   3.06   2.53   2.12   1.84   1.84   1.87   1.95   2.13   2.40   2.71   3.06   3.55   4.05   4.55   5.05   5.55   6.05   6.55   7.05   7.55   8.05   8.55   9.05   9.55   10.05   10.55   11.05   11.55   12.05   12.55   13.05   13.55   14.05   14.55   15.05   15.55
17.67   17.17   16.67   16.17   15.67   15.17   14.67   14.17   13.67   13.17   12.67   12.17   11.67   11.17   10.67   10.17   9.67   9.09   8.34   7.59   6.84   6.10   5.41   4.72   4.08   3.45   2.88   2.36   2.36   2.36   2.44   2.52   2.56   2.61   3.02   3.46   3.95   4.45   4.95   5.45   5.95   6.45   6.95   7.45   7.95   8.45   8.95   9.45   9.95   10.45   10.95   11.45   11.95   12.45   12.95   13.45   13.95   14.45   14.95   15.45   15.95
19.14   18.64   18.14   17.64   17.14   16.64   16.14   15.64   15.14   14.64   14.14   13.64   13.14   12.64   12.14   11.64   11.14   10.33   9.42   8.54   7.76   6.97   6.28   5.62   5.00   4.51   4.02   3.87   3.84   3.82   3.82   3.82   3.33   2.67   2.29   2.74   3.19   3.68   4.18   4.68   5.18   5.68   6.18   6.68   7.18   7.68   8.18   8.68   9.18   9.68   10.18   10.68   11.18   11.68   12.18   12.68   13.18   13.68   14.18   14.68   15.18
16.73   16.23   15.73   15.23   14.73   14.23   13.73   13.23   12.73   12.23   11.73   11.23   10.73   10.23   9.73   9.23   8.73   8.23   7.73   7.01   6.26   5.56   4.98   4.39   3.89   3.43   2.98   2.97   2.97   2.97   2.98   2.99   3.09   3.23   3.37   3.75   4.12   4.55   5.05   5.55   6.05   6.55   7.05   7.55   8.05   8.55   9.05   9.55   10.05   10.55   11.05   11.55   12.05   12.55   13.05   13.55   14.05   14.55   15.05   15.55   16.05
16.84   16.34   15.84   15.34   14.84   14.34   13.84   13.34   12.84   12.34   11.84   11.34   10.84   10.34   9.84   9.34   8.84   8.34   7.83   7.16   6.49   5.82   5.22   4.66   4.09   3.63   3.63   3.63   3.63   3.67   3.72   3.77   3.80   3.77   3.74   3.70   4.11   4.61   5.11   5.61   6.11   6.61   7.11   7.61   8.11   8.61   9.11   9.61   10.11   10.61   11.11   11.61   12.11   12.61   13.11   13.61   14.11   14.61   15.11   15.61   16.11
15.48   14.98   14.48   13.98   13.48   12.98   12.48   11.98   11.48   10.98   10.48   9.98   9.48   8.98   8.48   7.98   7.48   6.98   6.48   6.05   5.64   5.23   4.85   4.52   4.19   3.88   3.88   3.88   3.88   3.92   3.99   4.06   4.12   4.14   4.16   4.18   4.41   4.64   4.87   5.27   5.77   6.27   6.77   7.27   7.77   8.27   8.77   9.27   9.77   10.27   10.77   11.27   11.77   12.27   12.77   13.27   13.77   14.27   14.77   15.27   15.77
::