nonGaussian observation error table::
!
! only put comment (using !) in this block
!
# instrument    channel       stdev_from        predictor      cloud proxy
#   atms          ch19        OmF_v3_hydro        sym_cld           si1617
!
! read the parameters for the table:
! max_range     = the range of OmF pdf in x axis
! dx            = dx in x-axis to define the bin for the OmF pdf
! bdy_slope     = the slope of stdev used to extrapolate to large OmF (larger = inflating more for extreme OmF)
! cri_costfn    = define the boundry of the cost-function that are used to estimate the stdev (not used in GSI code)
! num_cloud_cat = the number of cloud amount categories
! cloud_bin     = the boundary of cloud bins (size = num_cloud_cat +1 )
!
max_range      =  30.0
dx             =  1.00
bdy_slope      =  0.5
cri_costfn     =  3.2e-06
num_cloud_cat  =  14
::

cloud_bin::
0.00   0.50   1.00   2.00   3.50   5.00   7.50   10.00   12.50   15.00   17.50   20.00   25.00   30.00   50.00
::

bias::
0.15   0.15   0.15   -0.15   -0.20   0.25   0.40   -0.62   -0.97   -1.40   -1.72   -1.85   -2.45   -2.40
::

stdev::
15.00   14.50   14.00   13.50   13.00   12.50   12.00   11.50   11.00   10.50   10.00   9.50   9.00   8.50   8.00   7.50   7.00   6.50   6.00   5.50   5.00   4.50   4.00   3.50   3.00   2.50   2.00   1.52   1.15   0.90   0.88   0.97   1.25   1.52   1.85   2.33   2.83   3.33   3.83   4.33   4.83   5.33   5.83   6.33   6.83   7.33   7.83   8.33   8.83   9.33   9.83   10.33   10.83   11.33   11.83   12.33   12.83   13.33   13.83   14.33   14.83
14.89   14.39   13.89   13.39   12.89   12.39   11.89   11.39   10.89   10.39   9.89   9.39   8.89   8.39   7.89   7.39   6.89   6.39   5.89   5.39   4.89   4.39   3.89   3.39   2.89   2.39   1.89   1.47   1.18   0.99   0.80   0.94   1.10   1.63   2.14   2.47   2.97   3.47   3.97   4.47   4.97   5.47   5.97   6.47   6.97   7.47   7.97   8.47   8.97   9.47   9.97   10.47   10.97   11.47   11.97   12.47   12.97   13.47   13.97   14.47   14.97
14.86   14.36   13.86   13.36   12.86   12.36   11.86   11.36   10.86   10.36   9.86   9.36   8.86   8.36   7.86   7.36   6.86   6.36   5.86   5.36   4.86   4.36   3.86   3.36   2.86   2.36   1.86   1.52   1.29   1.14   1.02   1.00   1.16   1.55   2.02   2.52   3.02   3.52   4.02   4.52   5.02   5.52   6.02   6.52   7.02   7.52   8.02   8.52   9.02   9.52   10.02   10.52   11.02   11.52   12.02   12.52   13.02   13.52   14.02   14.52   15.02
15.11   14.61   14.11   13.61   13.11   12.61   12.11   11.61   11.11   10.61   10.11   9.61   9.11   8.61   8.11   7.61   7.11   6.61   6.11   5.61   5.11   4.61   4.11   3.61   3.11   2.61   2.04   1.52   1.24   1.06   1.02   1.09   1.32   1.71   2.14   2.62   3.12   3.62   4.12   4.62   5.12   5.62   6.12   6.62   7.12   7.62   8.12   8.62   9.12   9.62   10.12   10.62   11.12   11.62   12.12   12.62   13.12   13.62   14.12   14.62   15.12
15.11   14.61   14.11   13.61   13.11   12.61   12.11   11.61   11.11   10.61   10.11   9.61   9.11   8.61   8.11   7.61   7.11   6.61   6.11   5.61   5.11   4.61   4.11   3.61   3.11   2.67   2.18   1.75   1.38   1.13   1.06   1.17   1.40   1.74   2.16   2.65   3.15   3.65   4.15   4.65   5.15   5.65   6.15   6.65   7.15   7.65   8.15   8.65   9.15   9.65   10.15   10.65   11.15   11.65   12.15   12.65   13.15   13.65   14.15   14.65   15.15
15.78   15.28   14.78   14.28   13.78   13.28   12.78   12.28   11.78   11.28   10.78   10.28   9.78   9.28   8.78   8.28   7.78   7.28   6.78   6.28   5.78   5.28   4.78   4.21   3.45   2.88   2.49   2.18   1.89   1.56   1.35   0.91   1.15   1.67   2.34   2.97   3.47   3.97   4.47   4.97   5.47   5.97   6.47   6.97   7.47   7.97   8.47   8.97   9.47   9.97   10.47   10.97   11.47   11.97   12.47   12.97   13.47   13.97   14.47   14.97   15.47
16.74   16.24   15.74   15.24   14.74   14.24   13.74   13.24   12.74   12.24   11.74   11.24   10.74   10.24   9.74   9.24   8.74   8.24   7.74   7.24   6.74   6.23   5.65   4.95   4.23   3.54   2.91   2.35   1.94   1.85   2.02   1.24   1.15   1.57   2.35   3.05   3.55   4.05   4.55   5.05   5.55   6.05   6.55   7.05   7.55   8.05   8.55   9.05   9.55   10.05   10.55   11.05   11.55   12.05   12.55   13.05   13.55   14.05   14.55   15.05   15.55
20.38   19.88   19.38   18.88   18.38   17.88   17.38   16.88   16.38   15.88   15.38   14.88   14.38   13.88   13.38   12.88   12.38   11.88   11.38   10.44   9.00   7.35   5.84   4.65   3.71   2.97   2.40   2.01   1.78   1.75   1.71   1.70   1.83   2.15   2.68   3.32   3.94   4.44   4.94   5.44   5.94   6.44   6.94   7.44   7.94   8.44   8.94   9.44   9.94   10.44   10.94   11.44   11.94   12.44   12.94   13.44   13.94   14.44   14.94   15.44   15.94
17.49   16.99   16.49   15.99   15.49   14.99   14.49   13.99   13.49   12.99   12.49   11.99   11.49   10.99   10.49   9.99   9.49   8.99   8.29   7.50   6.77   6.06   5.41   4.77   4.16   3.56   2.99   2.43   2.39   2.39   2.43   2.47   2.53   2.61   3.05   3.51   4.12   4.71   5.21   5.71   6.21   6.71   7.21   7.71   8.21   8.71   9.21   9.71   10.21   10.71   11.21   11.71   12.21   12.71   13.21   13.71   14.21   14.71   15.21   15.71   16.21
19.04   18.54   18.04   17.54   17.04   16.54   16.04   15.54   15.04   14.54   14.04   13.54   13.04   12.54   12.04   11.41   10.59   9.77   8.92   8.05   7.19   6.40   5.64   4.87   4.25   3.62   3.13   3.13   3.13   3.14   3.18   3.22   3.28   3.35   3.43   3.87   4.40   4.94   5.44   5.94   6.44   6.94   7.44   7.94   8.44   8.94   9.44   9.94   10.44   10.94   11.44   11.94   12.44   12.94   13.44   13.94   14.44   14.94   15.44   15.94   16.44
18.81   18.31   17.81   17.31   16.81   16.31   15.81   15.31   14.81   14.31   13.81   13.31   12.81   12.31   11.81   10.99   9.88   8.76   7.68   6.95   6.22   5.49   4.97   4.58   4.18   3.86   3.86   3.86   3.86   3.90   3.96   4.02   4.11   4.27   4.43   4.59   4.93   5.30   5.67   6.09   6.59   7.09   7.59   8.09   8.59   9.09   9.59   10.09   10.59   11.09   11.59   12.09   12.59   13.09   13.59   14.09   14.59   15.09   15.59   16.09   16.59
18.73   18.23   17.73   17.23   16.73   16.23   15.73   15.23   14.73   14.23   13.73   13.23   12.73   12.23   11.44   10.50   9.56   8.62   7.91   7.22   6.53   5.89   5.44   4.98   4.52   4.31   4.31   4.31   4.31   4.41   4.52   4.63   4.72   4.71   4.70   4.69   4.84   5.20   5.56   5.92   6.38   6.88   7.38   7.88   8.38   8.88   9.38   9.88   10.38   10.88   11.38   11.88   12.38   12.88   13.38   13.88   14.38   14.88   15.38   15.88   16.38
17.35   16.85   16.35   15.85   15.35   14.85   14.35   13.85   13.35   12.85   12.35   11.85   11.35   10.81   10.03   9.25   8.47   7.69   7.01   6.61   6.22   5.82   5.42   5.17   5.17   5.17   5.17   5.17   5.19   5.25   5.31   5.37   5.43   5.55   5.70   5.86   6.02   6.18   6.56   7.06   7.56   8.06   8.56   9.06   9.56   10.06   10.56   11.06   11.56   12.06   12.56   13.06   13.56   14.06   14.56   15.06   15.56   16.06   16.56   17.06   17.56
16.67   16.17   15.67   15.17   14.67   14.17   13.67   13.17   12.67   12.17   11.67   11.17   10.67   10.17   9.69   9.23   8.76   8.29   7.83   7.49   7.15   6.80   6.46   6.19   6.19   6.19   6.19   6.19   6.31   6.62   6.93   7.24   7.55   7.58   7.43   7.28   7.12   6.97   7.01   7.11   7.20   7.29   7.39   7.89   8.39   8.89   9.39   9.89   10.39   10.89   11.39   11.89   12.39   12.89   13.39   13.89   14.39   14.89   15.39   15.89   16.39
::